0,642327
0,148644
0,144224
0,173647
0,127918
0,149905
0,13481
0,149044
0,137921
0,145234
0,1313
0,142553
0,139008
0,149256
0,135697
0,122798
0,153877
0,143034
0,140459
0,131133
0,151361
0,099213
0,100245
0,12289
0,119336
0,112192
0,111948
0,096676
0,117531
0,097748
0,096316
0,105794
0,097133
0,086924
0,108899
0,100324
0,096434
0,111569
0,104761
0,109764
0,113932
0,107442
0,107851
0,106153
0,105384
0,10724
0,110216
0,099853
0,098431
0,100348
0,096886
0,102702
0,10197
0,099906
0,105782
0,106373
0,106965
0,095177
0,093591
0,096367
0,09561
0,100319
0,103161
0,098015
0,107605
0,105435
0,088905
0,099794
0,096265
0,102472
0,118287
0,107413
0,098565
0,1
0,10446
0,105747
0,100846
0,099395
0,116825
0,103703
0,107478
0,094391
0,101179
0,09751
0,097031
0,09458
0,099709
0,106995
0,099812
0,095667
0,098446
0,10208
0,107747
0,097669
0,0982
0,098988
0,10498
0,095866
0,099466
0,108954
0,095951
0,082674
0,088466
0,092258
0,081755
0,088369
0,081566
0,101588
0,088096
0,105957
0,094573
0,103199
0,085203
0,09242
0,084628
0,119238
0,10129
0,097997
0,094608
0,095472
0,087471
0,087309
0,077558
0,078768
0,091149
0,077598
0,085017
0,09412
0,074094
0,08355
0,083099
0,085076
0,086531
0,097837
0,087579
0,081639
0,088518
0,089736
0,098296
0,088715
0,086006
0,085188
0,085155
0,085697
0,085373
0,081007
0,107845
0,100864
0,092332
0,100322
0,090219
0,108653
0,092906
0,097783
0,084245
0,078872
0,097255
0,088183
0,075222
0,089731
0,082531
0,094112
0,080172
0,087738
0,080501
0,084276
0,090452
0,075895
0,08288
0,082414
0,076376
0,073739
0,082739
0,091139
0,081538
0,080814
0,09107
0,089218
0,080397
0,099658
0,083583
0,088953
0,077635
0,078409
0,095046
0,084395
0,089413
0,083775
0,089877
0,090895
0,074847
0,089932
0,089698
0,091987
0,094257
0,08337
0,083495
0,065608
0,08164
0,069638
0,070392
0,070063
0,076571
0,078971
0,075381
0,081298
0,078591
0,082991
0,080303
0,070664
0,070649
0,069233
0,073535
0,073417
0,072203
0,080717
0,075554
0,068968
0,078163
0,087095
0,07583
0,079394
0,083106
0,075105
0,071737
0,076386
0,07237
0,072031
0,069709
0,069583
0,097385
0,079655
0,09206
0,079555
0,078386
0,093281
0,0813
0,070731
0,084261
0,079858
0,070506
0,069006
0,079171
0,078761
0,073089
0,070046
0,070931
0,075823
0,077584
0,072524
0,07648
0,076719
0,074912
0,086261
0,095233
0,093553
0,086479
0,079647
0,087299
0,077767
0,079031
0,081659
0,07092
0,071903
0,077007
0,07291
0,06978
0,070706
0,067656
0,066547
0,072645
0,077556
0,07528
0,074013
0,082653
0,079256
0,074329
0,077728
0,075009
0,078344
0,076312
0,095355
0,070524
0,076041
0,070116
0,068751
0,073809
0,080214
0,082386
0,079548
0,075455
0,079486
0,07454
0,076324
0,075502
0,083153
0,073971
0,076364
0,085544
0,078872
0,073212
0,070205
0,073947
0,079255
0,07666
0,076962
0,092958
0,118612
0,072392
0,073353
0,067879
0,070038
0,072952
0,071132
0,077369
0,068814
0,070768
0,078328
0,067537
0,082869
0,082574
0,071983
0,076846
0,074351
0,074175
0,076965
0,078504
0,075602
0,075972
0,072332
0,072779
0,075237
0,069313
0,069516
0,081002
0,065066
0,079501
0,069941
0,070278
0,072224
0,077561
0,075763
0,073268
0,091523
0,078105
0,107754
0,086574
0,084682
0,088456
0,087574
0,083547
0,079875
0,084011
0,080701
0,092595
0,082743
0,083765
0,073784
0,090404
0,087416
0,082127
0,080915
0,088132
0,094525
0,079569
0,080909
0,095556
0,084654
0,092917
0,08324
0,079014
0,084954
0,076317
0,088033
0,080945
0,086015
0,094616
0,078418
0,079549
0,077188
0,084272
0,07877
0,081743
0,094384
0,079821
0,083524
0,098934
0,088779
0,080561
0,080115
0,088847
0,085144
0,078448
0,078968
0,083768
0,087491
0,090669
0,081713
0,079165
0,089291
0,079859
0,088295
0,078769
0,084059
0,082576
0,078302
0,086292
0,083675
0,081165
0,092762
0,082721
0,082057
0,077458
0,079281
0,096702
0,090392
0,075573
0,082457
0,08173
0,076829
0,076275
0,070175
0,079468
0,069903
0,072517
0,073754
0,069773
0,069637
0,073819
0,079833
0,125577
0,067937
0,08192
0,066268
0,073364
0,069033
0,071999
0,072594
0,071649
0,07497
0,233121
0,077977
0,078028
0,075622
0,073223
0,082841
0,085765
0,075721
0,069612
0,073472
0,073218
0,083359
0,077266
0,079318
0,080615
0,072502
0,073539
0,078503
0,077266
0,085481
0,093535
0,066911
0,070421
0,071202
0,069262
0,072154
0,073191
0,072935
0,074925
0,080673
0,077292
0,081468
0,081002
0,074688
0,092139
0,073485
0,069236
0,069004
0,092267
0,09265
0,069744
0,070827
0,07048
0,082709
0,077558
0,072999
0,077315
0,07686
0,081452
0,075205
0,087025
0,084252
0,066359
0,070751
0,078055
0,078131
0,093262
0,078921
0,074224
0,134782
0,120018
0,074548
0,076918
0,074228
0,072266
0,075998
0,072742
0,071983
0,070461
0,070514
0,071408
0,077249
0,082394
0,079193
0,077251
0,07304
0,081194
0,072752
0,069669
0,087347
0,075555
0,071167
0,082344
0,074379
0,078888
0,068274
0,074416
0,090686
0,066042
0,081304
0,088538
0,0788
0,07214
0,072308
0,067907
0,072787
0,079016
0,084478
0,078208
0,083484
0,087805
0,089061
0,07039
0,081068
0,089922
0,07466
0,07544
0,079219
0,071529
0,082392
0,073735
0,082739
0,077015
0,069357
0,066353
0,074682
0,084629
0,073909
0,075534
0,070805
0,074704
0,074859
0,082361
0,075083
0,078252
0,077011
0,076431
0,121868
0,069212
0,077196
0,079131
0,07619
0,078661
0,076148
0,074355
0,086732
0,077163
0,077613
0,073042
0,071022
0,077752
0,070441
0,069988
0,076629
0,073921
0,076043
0,080238
0,078953
0,074358
0,07452
0,082561
0,071157
0,073196
0,080779
0,082644
0,075196
0,076143
0,072684
0,080695
0,075026
0,074393
0,067464
0,064834
0,09252
0,081834
0,07555
0,084463
0,073837
0,065896
0,073125
0,077575
0,077969
0,074898
0,078076
0,080594
0,064317
0,07774
0,08886
0,080961
0,090874
0,103675
0,093977
0,091366
0,084504
0,078225
0,081646
0,077504
0,074143
0,079082
0,09034
0,074408
0,077949
0,075672
0,083047
0,074247
0,070193
0,072392
0,072
0,072393
0,076934
0,065582
0,065405
0,092581
0,070387
0,077128
0,070501
0,069902
0,07324
0,070434
0,072938
0,07005
0,067299
0,069674
0,084734
0,085089
0,08388
0,075914
0,069685
0,069734
0,072418
0,069355
0,073149
0,073524
0,070286
0,123847
0,069868
0,074615
0,080691
0,08191
0,068907
0,08627
0,079316
0,086684
0,07767
0,085643
0,072281
0,069145
0,073012
0,073206
0,076637
0,074067
0,077421
0,079489
0,07657
0,092863
0,091698
0,086217
0,086929
0,079796
0,077401
0,082302
0,073438
0,084921
0,083091
0,072382
0,072978
0,06452
0,070273
0,074675
0,08914
0,085767
0,074738
0,079604
0,084106
0,071566
0,073636
0,078337
0,067392
0,082147
0,087241
0,072393
0,069976
0,073623
0,071029
0,069499
0,077583
0,073972
0,083154
0,106619
0,076305
0,077732
0,078049
0,071663
0,079331
0,071303
0,07737
0,079914
0,079017
0,079626
0,075195
0,069575
0,077162
0,069442
0,070187
0,074526
0,078857
0,073412
0,075764
0,074291
0,083206
0,078651
0,080791
0,124974
0,07249
0,070003
0,070185
0,073693
0,079898
0,075874
0,07777
0,073773
0,087936
0,078571
0,075457
0,084277
0,082489
0,074122
0,076981
0,079063
0,078418
0,066377
0,067207
0,069458
0,066914
0,071742
0,078067
0,12379
0,101228
0,080419
0,074429
0,080485
0,078212
0,073056
0,070579
0,072846
0,072552
0,072991
0,079512
0,079877
0,082066
0,074487
0,073902
0,104558
0,089475
0,074731
0,077204
0,074311
0,069494
0,069605
0,07155
0,086891
0,086244
0,088551
0,095568
0,072187
0,074728
0,077624
0,070904
0,072474
0,076955
0,084761
0,083106
0,074792
0,08315
0,076013
0,084901
0,077706
0,073708
0,065379
0,0647
0,07827
0,073111
0,084806
0,072416
0,070003
0,073158
0,074095
0,075509
0,078784
0,076004
0,07699
0,08458
0,070959
0,08449
0,091159
0,072722
0,080439
0,073406
0,094581
0,079366
0,078737
0,080708
0,076261
0,075654
0,075065
0,080548
0,083999
0,072212
0,079128
0,083329
0,071453
0,071963
0,089094
0,074804
0,07692
0,071607
0,076913
0,070777
0,070662
0,078703
0,077523
0,077316
0,073034
0,068571
0,075689
0,077134
0,072768
0,091369
0,066079
0,070465
0,069858
0,068413
0,070452
0,083273
0,125664
0,07567
0,087818
0,067538
0,073344
0,080203
0,077493
0,078698
0,069954
0,069296
0,082249
0,080816
0,081926
0,080391
0,079264
0,076204
0,081649
0,078966
0,075341
0,07911
0,073375
0,076776
0,074148
0,073959
0,081166
0,068904
0,071356
0,077323
0,077148
0,071332
0,07578
0,089696
0,065251
0,079244
0,077195
0,073109
0,071507
0,080002
0,070448
0,066587
0,071299
0,078422
0,093412
0,084251
0,080729
0,080072
0,075446
0,08262
0,06927
0,076382
0,073308
0,087094
0,069512
0,067491
0,066635
0,071419
0,081265
0,066976
0,080803
0,12457
0,075499
0,084206
0,06863
0,072244
0,088913
0,076696
0,07151
0,076699
0,074197
0,077839
0,076712
0,073686
0,089483
0,0755
0,079263
0,069228
0,072443
0,077324
0,122833
0,124783
0,068415
0,066853
0,066869
0,076943
0,083196
0,077583
0,080017
0,070938
0,073301
0,072433
0,075327
0,075597
0,069577
0,073249
0,06985
0,074567
0,067263
0,094546
0,075779
0,07605
0,081331
0,080146
0,085607
0,082801
0,077348
0,074682
0,077409
0,079213
0,071129
0,072992
0,069049
0,074599
0,122937
0,069002
0,073914
0,073879
0,077676
0,070271
0,07693
0,071345
0,084517
0,075493
0,071443
0,072598
0,072875
0,113442
0,074371
0,078307
0,076085
0,083452
0,072425
0,070827
0,073189
0,06869
0,070161
0,072004
0,079006
0,077801
0,072728
0,081196
0,070724
0,070597
0,081614
0,081005
0,071711
0,074488
0,075704
0,07057
0,08253
0,079588
0,077401
0,07537
0,083091
0,078786
0,083826
0,080167
0,082191
0,075472
0,080626
0,081621
0,083201
0,070611
0,070961
0,073247
0,06895
0,067241
0,071349
0,073771
0,073677
0,073316
0,074118
0,08016
0,095265
0,083648
0,102387
0,085646
0,084643
0,101234
0,08623
0,085188
0,086748
0,097277
0,091766
0,084425
0,119047
0,094262
0,095593
0,09157
0,086394
0,117156
0,089196
0,080351
0,071939
0,082899
0,082634
0,085688
0,078225
0,078508
0,087748
0,081982
0,073217
0,075254
0,078979
0,077358
0,08243
0,071929
0,069889
0,068241
0,068786
0,079562
0,071144
0,069968
0,081293
0,066169
0,074748
0,072066
0,072558
0,083814
0,072735
0,074312
0,069945
0,066908
0,070132
0,08211
0,070189
0,06996
0,086172
0,071894
0,068289
0,067448
0,070524
0,071411
0,070305
0,067713
0,067296
0,07699
0,083119
0,075647
0,073249
0,080593
0,08313
0,068631
0,072331
0,07013
0,068023
0,067686
0,067826
0,066351
0,067613
0,066251
0,072722
0,080087
0,070462
0,075715
0,082488
0,079178
0,072176
0,079424
0,092006
0,066405
0,068596
0,068731
0,067024
0,071803
0,071181
0,07553
0,074804
0,100806
0,091977
0,086944
0,075253
0,078639
0,074186
0,071537
0,0768
0,077093
0,078543
0,073856
0,076388
0,075968
0,075038
0,089147
0,078275
0,075234
0,071683
0,082377
0,081618
0,077927
0,073868
0,076329
0,074958
0,12184
0,071733
0,076905
0,069991
0,070886
0,076393
0,077089
0,077393
0,073114
0,075297
0,08697
0,073428
0,078064
0,078437
0,0748
0,082504
0,079494
0,075573
0,073115
0,078676
0,065889
0,079425
0,068272
0,066751
0,067494
0,072748
0,084412
0,07266
0,076845
0,075583
0,090149
0,079148
0,070444
0,071219
0,072636
0,080944
0,084615
0,078737
0,080424
0,075011
0,069365
0,078006
0,073417
0,071897
0,076745
0,072869
0,083518
0,079593
0,080441
0,071053
0,082025
0,07244
0,072398
0,069834
0,070514
0,071
0,069531
0,070437
0,079142
0,07991
0,078001
0,09019
0,075573
0,078047
0,082529
0,075291
0,077501
0,069171
0,069665
0,076649
0,077973
0,076507
0,087756
0,075
0,077086
0,078927
0,077587
0,073059
0,074292
0,073659
0,075786
0,069723
0,073549
0,077036
0,079555
0,075981
0,07939
0,076134
0,070024
0,074034
0,077993
0,072957
0,084381
0,074795
0,075635
0,075863
0,074702
0,079164
0,071882
0,071836
0,07637
0,081039
0,081831
0,083355
0,073676
0,07585
0,071554
0,096598
0,087311
0,073604
0,080799
0,080922
0,07919
0,081457
0,078953
0,082618
0,074189
0,08462
0,077198
0,085516
0,072326
0,080287
0,08603
0,072825
0,07766
0,072064
0,075082
0,079453
0,084861
0,073264
0,069112
0,079407
0,066215
0,077809
0,069706
0,073382
0,068632
0,071982
0,074064
0,071243
0,076614
0,077958
0,08046
0,076123
0,08079
0,082088
0,084615
0,066173
0,08882
0,083303
0,071428
0,072854
0,091208
0,102586
0,085738
0,072071
0,083998
0,092698
0,074816
0,097663
0,095066
0,093831
0,085265
0,10257
0,104177
0,083723
0,084464
0,08932
0,088445
0,084133
0,093495
0,085306
0,087289
0,10328
0,095622
0,098859
0,092078
0,10096
0,116274
0,119452
0,090682
0,095084
0,090009
0,104208
0,105364
0,111512
0,091005
0,100655
0,103493
0,095392
0,151311
0,12688
0,111494
0,129945
0,143776
0,13341
0,126414
0,116094
0,160467
0,146802
0,137146
0,138639
0,153676
0,132191
0,131911
0,158684
0,153943
0,124098
0,124134
0,113765
0,097575
0,127741
0,113015
0,092622
0,12817
0,188129
0,13423
0,118443
0,112907
0,136472
0,187982
0,132675
0,131102
0,133893
0,131626
0,160826
0,176796
0,120832
0,101061
0,13453
0,131858
0,113709
0,117541
0,14737
0,121185
0,142242
0,133152
0,12862
0,11548
0,14159
0,182996
0,114418
0,116223
0,167689
0,112684
0,097905
0,09218
0,089542
0,102089
0,098196
0,096698
0,095961
0,127672
0,094266
0,124647
0,107214
0,109797
0,125399
0,094153
0,106692
0,137072
0,144613
0,197451
0,137505
0,150592
0,099087
0,145211
0,164853
0,124993
0,130517
0,125002
0,15539
0,096122
0,122492
0,113681
0,121727
0,100135
0,104814
0,15956
0,090486
0,126504
0,099437
0,125423
0,121674
0,113433
0,134166
0,131194
0,105035
0,103186
0,117154
0,114937
0,157511
0,117921
0,123583
0,153666
0,11011
0,155266
0,090747
0,113975
0,166502
0,127587
0,130955
0,145674
0,166602
0,104237
0,103058
0,108998
0,127218
0,127443
0,130222
0,117968
0,159011
0,191494
0,119634
0,116581
0,10545
0,11906
0,112228
0,099559
0,093849
0,111768
0,090565
0,099574
0,095958
0,111602
0,096248
0,090451
0,104999
0,098163
0,088791
0,0902
0,091013
0,113685
0,143874
0,117544
0,107596
0,094901
0,094654
0,105969
0,090086
0,09324
0,091643
0,085942
0,083376
0,090314
0,083567
0,082492
0,087938
0,095141
0,09177
0,088582
0,08955
0,091549
0,091491
0,083803
0,103566
0,091382
0,094126
0,098647
0,087025
0,105966
0,095179
0,09282
0,105895
0,097155
0,088239
0,094369
0,0957
0,09283
0,09416
0,090055
0,085943
0,086714
0,094699
0,08505
0,092236
0,084245
0,086176
0,100727
0,096132
0,087677
0,087397
0,095871
0,096479
0,086717
0,099388
0,108699
0,085516
0,083716
0,08199
0,093234
0,085147
0,082425
0,093764
0,105402
0,088546
0,076461
0,079497
0,073095
0,080683
0,070095
0,088455
0,071091
0,080385
0,093949
0,121251
0,073882
0,083166
0,074814
0,071529
0,068578
0,076553
0,076108
0,076528
0,07416
0,071168
0,067155
0,067626
0,0734
0,071516
0,07049
0,072515
0,09277
0,089865
0,069395
0,072766
0,067107
0,077404
0,079364
0,075656
0,080355
0,079145
0,081111
0,086773
0,072346
0,080154
0,076067
0,076483
0,076475
0,091175
0,0775
0,086164
0,07666
0,078099
0,083197
0,077219
0,073586
0,073722
0,069515
0,070129
0,075918
0,068314
0,069939
0,071204
0,077355
0,07221
0,08799
0,081828
0,07028
0,072418
0,070684
0,073469
0,069114
0,06961
0,076546
0,075403
0,0755
0,083184
0,067021
0,073106
0,070388
0,071857
0,075395
0,078493
0,070296
0,06727
0,071169
0,069922
0,084001
0,075606
0,068956
0,072627
0,076871
0,082177
0,078715
0,074549
0,081798
0,076326
0,080378
0,069039
0,070169
0,091585
0,084663
0,068864
0,073227
0,07524
0,08239
0,070955
0,067473
0,078306
0,076848
0,13095
0,064975
0,071892
0,077207
0,076958
0,073221
0,078811
0,085659
0,081595
0,065233
0,073239
0,076022
0,076852
0,071321
0,064278
0,072028
0,123429
0,073661
0,081955
0,081833
0,082944
0,07372
0,086658
0,071047
0,072132
0,071121
0,071964
0,074592
0,075431
0,077845
0,073141
0,069789
0,070413
0,077605
0,068088
0,070296
0,073507
0,079554
0,073236
0,092311
0,069615
0,077308
0,075036
0,074509
0,070904
0,077152
0,076703
0,082418
0,078299
0,075495
0,082045
0,07546
0,07448
0,08283
0,074665
0,070443
0,076837
0,07455
0,080088
0,070259
0,073296
0,080935
0,067814
0,073935
0,077782
0,081103
0,076422
0,091606
0,121015
0,068059
0,076093
0,0934
0,09578
0,081242
0,094686
0,08568
0,083184
0,088951
0,084691
0,068423
0,072793
0,073796
0,086768
0,081728
0,077567
0,084034
0,078867
0,081084
0,067227
0,079319
0,077928
0,070555
0,081353
0,073851
0,071535
0,121206
0,074374
0,080095
0,071304
0,071352
0,070197
0,079969
0,069002
0,076091
0,076279
0,076902
0,088944
0,082015
0,071808
0,070702
0,074799
0,071735
0,07438
0,077734
0,070344
0,086958
0,076553
0,084866
0,086031
0,078219
0,083373
0,073071
0,072946
0,069438
0,071634
0,07463
0,07559
0,070493
0,0706
0,067109
0,064578
0,07444
0,078415
0,080158
0,079006
0,098224
0,080995
0,081201
0,106473
0,099829
0,095882
0,092175
0,08585
0,086517
0,074543
0,086624
0,079971
0,075988
0,080886
0,08573
0,126568
0,073963
0,080028
0,072632
0,073444
0,076802
0,09516
0,08782
0,072161
0,073317
0,079114
0,09195
0,081017
0,07654
0,076135
0,074738
0,076755
0,090452
0,092104
0,078415
0,070789
0,074234
0,0733
0,084923
0,075702
0,080048
0,072407
0,074621
0,083156
0,077385
0,07456
0,078312
0,07112
0,070606
0,076343
0,090385
0,080983
0,072827
0,068584
0,069485
0,087723
0,073911
0,07696
0,079098
0,076106
0,077891
0,072977
0,069033
0,06938
0,080187
0,075988
0,091457
0,076107
0,071947
0,075493
0,070226
0,070097
0,096212
0,077314
0,08386
0,069361
0,071542
0,070559
0,067624
0,071443
0,081457
0,087166
0,072859
0,078632
0,075342
0,074557
0,074785
0,074196
0,069206
0,073678
0,080003
0,125179
0,067846
0,068685
0,075848
0,076856
0,075455
0,073411
0,070742
0,070592
0,067659
0,066485
0,070523
0,082064
0,085206
0,088332
0,079256
0,080799
0,077461
0,075903
0,082137
0,089602
0,078127
0,07659
0,067716
0,067025
0,071102
0,071053
0,085575
0,074224
0,080413
0,076755
0,080964
0,074982
0,094018
0,086541
0,070656
0,071008
0,076967
0,077141
0,07809
0,075608
0,077941
0,076934
0,071619
0,082252
0,083378
0,066298
0,066573
0,079283
0,066509
0,074902
0,073555
0,071698
0,076416
0,073838
0,070723
0,070891
0,068191
0,066284
0,073086
0,072813
0,068906
0,079504
0,069871
0,066262
0,067806
0,069946
0,070131
0,075467
0,080868
0,074439
0,077727
0,073558
0,08142
0,074946
0,076128
0,105896
0,083476
0,074829
0,076053
0,074794
0,074687
0,073355
0,080436
0,075071
0,084392
0,074252
0,084055
0,076955
0,081595
0,075597
0,078899
0,07623
0,078291
0,076158
0,079562
0,093584
0,069574
0,076169
0,07562
0,073421
0,083007
0,072295
0,085908
0,086784
0,073144
0,071072
0,073183
0,076447
0,077786
0,071307
0,076658
0,081922
0,079403
0,081671
0,07858
0,087396
0,074188
0,085505
0,089968
0,079019
0,074677
0,073499
0,06937
0,076817
0,08118
0,079077
0,093319
0,093456
0,096384
0,099729
0,089287
0,102072
0,101092
0,095084
0,094981
0,109963
0,106072
0,112342
0,122759
0,111344
0,097194
0,112185
0,107704
0,091736
0,117784
0,123873
0,099826
0,106536
0,108288
0,100691
0,093893
0,094927
0,091621
0,088876
0,17501
0,145698
0,120535
0,088037
0,119187
0,121671
0,102097
0,128668
0,110869
0,100612
0,15887
0,165306
0,100232
0,096746
0,103575
0,129416
0,164027
0,152228
0,149856
0,140374
0,10943
0,114964
0,17157
0,174251
0,186229
0,131859
0,121088
0,133779
0,12681
0,125632
0,124039
0,152541
0,108663
0,137768
0,110254
0,138693
0,160297
0,161702
0,107865
0,095946
0,123551
0,127638
0,138407
0,152171
0,099918
0,091082
0,101365
0,097782
0,12381
0,113398
0,097274
0,101484
0,098092
0,100603
0,084978
0,117373
0,119912
0,119438
0,125268
0,103807
0,137734
0,169095
0,116292
0,117821
0,160676
0,108719
0,115391
0,113044
0,118149
0,108249
0,112682
0,092219
0,108893
0,107759
0,1178
0,109957
0,10961
0,102853
0,114019
0,107032
0,13155
0,117409
0,101561
0,111925
0,168078
0,155171
0,119224
0,11165
0,100126
0,163841
0,153804
0,127571
0,152921
0,129499
0,123475
0,14172
0,115221
0,112306
0,135896
0,107572
0,101644
0,166808
0,122058
0,144084
0,18064
0,1012
0,162343
0,127345
0,166495
0,134717
0,126931
0,116709
0,136456
0,144087
0,130778
0,099567
0,121629
0,123967
0,139434
0,15217
0,133524
0,15795
0,202881
0,120381
0,149121
0,151671
0,129714
0,146127
0,123024
0,167682
0,154113
0,145022
0,125795
0,150726
0,113554
0,131767
0,167831
0,166367
0,164914
0,146104
0,159634
0,153476
0,114604
0,136534
0,157804
0,204106
0,142138
0,109552
0,128422
0,111088
0,14075
0,122817
0,141675
0,143852
0,144842
0,113476
0,161484
0,108366
0,110752
0,247819
0,218221
0,115108
0,111785
0,096767
0,138275
1,652052
0,394378
0,152427
0,106448
0,161202
0,15121
0,170643
0,122527
0,120241
0,15089
0,135027
0,155999
0,121387
0,111939
0,140027
0,144484
0,107467
0,108296
0,108164
0,113998
0,13293
0,157313
0,138043
0,147751
0,123997
0,120385
0,12741
0,116466
0,116624
0,171282
0,107171
0,099679
0,10331
0,161681
0,156261
0,142328
0,213985
0,548308
0,263754
0,098801
0,100296
0,141075
0,129752
0,15294
0,15567
0,095676
0,123504
0,131232
0,13516
0,137259
0,135719
0,107319
0,134008
0,106809
0,12957
0,121062
0,113044
0,116776
0,093454
0,893697
0,140352
0,12854
0,10323
0,132395
0,125338
0,099514
0,101184
0,113944
0,100031
0,151079
0,158063
0,100228
0,119615
0,095746
0,090226
0,112624
0,091586
0,087652
0,12202
0,090694
0,129495
0,156307
0,101772
0,094483
0,114479
0,117429
0,121042
0,098624
0,094081
0,10076
0,094829
0,103485
0,136479
0,096892
0,093783
0,08404
0,089198
0,089533
0,099621
0,083871
0,088426
0,098902
0,087724
0,151553
0,139906
0,097832
0,11221
0,100964
0,084906
0,102216
0,092089
0,084884
0,101132
0,098979
0,092634
0,110097
0,130536
0,093677
0,091352
0,105598
0,102877
0,099216
0,085516
0,100851
0,099246
0,09007
0,090068
0,093641
0,087771
0,090375
0,089113
0,089421
0,084942
0,097612
0,103896
0,088315
0,091058
0,095249
0,097908
0,115266
0,103498
0,090945
0,10584
0,092545
0,123865
0,095824
0,087134
0,098844
0,103917
0,084584
0,092043
0,126584
0,103701
0,098391
0,095099
0,09304
0,090251
0,086934
0,087879
0,100037
0,100438
0,102709
0,123119
0,093228
0,120854
0,107556
0,088858
0,090769
0,087597
0,0922
0,089326
0,084397
0,093787
0,11284
0,090844
0,09947
0,096456
0,087843
0,084024
0,100524
0,096237
0,106036
0,09968
0,084987
0,086178
0,102814
0,094016
0,098951
0,086395
0,085299
0,10921
0,08489
0,08418
0,08871
0,087369
0,100792
0,084232
0,088297
0,118544
0,087312
0,097125
0,093928
0,094732
0,085058
0,094452
0,099387
0,100965
0,101527
0,102308
0,100646
0,138214
0,098946
0,108799
0,109314
0,098091
0,111026
0,116417
0,089853
0,106676
0,100076
0,143059
0,105911
0,115834
0,100366
0,101354
0,097082
0,117522
0,096083
0,109677
0,115587
0,095533
0,119681
0,103209
0,11307
0,099187
0,105385
0,108461
0,093878
0,094672
0,094877
0,097687
0,119777
0,109371
0,110549
0,101614
0,099025
0,09836
0,093826
0,103621
0,113728
0,107388
0,084833
0,09868
0,118948
0,119783
0,09506
0,096749
0,094887
0,093255
0,140798
0,102874
0,11486
0,102606
0,089902
0,151472
0,092298
0,093569
0,096434
0,090002
0,113166
0,11059
0,10209
0,091509
0,096938
0,125107
0,130756
0,11031
0,129027
0,100118
0,096592
0,097141
0,089978
0,105379
0,092591
0,092016
0,154266
0,112318
0,09126
0,099402
0,097279
0,09346
0,119906
0,099931
0,102286
0,115647
0,13753
0,097349
0,100755
0,102005
0,106775
0,110409
0,100598
0,100708
0,095804
0,092275
0,105475
0,139363
0,10849
0,112924
0,115215
0,086783
0,087795
0,091846
0,109904
0,107788
0,091252
0,100644
0,121863
0,098174
0,094954
0,119942
0,11992
0,113759
0,121027
0,16486
0,127266
0,15275
0,155964
0,123029
0,104287
0,138761
0,125366
0,128321
0,643748
0,393277
0,132701
0,148931
0,180932
0,13444
0,147551
0,199733
0,225555
0,108274
0,126028
0,13604
0,095364
0,173617
0,09553
0,242524
0,14252
0,142441
0,150307
0,111414
0,173489
0,140581
0,268931
0,12146
0,121342
0,09655
0,098116
0,155464
0,112515
0,152205
0,201762
0,102364
0,134593
0,106082
0,148222
0,644874
0,170753
0,129876
0,142794
0,22014
0,119703
0,135142
0,124216
0,121647
0,131992
0,140173
0,089313
0,12001
0,125658
0,098272
0,110755
0,097188
0,093406
0,1252
0,09909
0,102845
0,113485
0,091364
0,09048
0,12361
0,118443
0,108159
0,088996
0,086439
0,106379
0,106277
0,088386
0,115745
0,10776
0,093994
0,136151
0,091296
0,090821
0,104652
0,097943
0,088984
0,090787
0,089161
0,106271
0,092924
0,113803
0,238275
0,272132
0,145129
0,123264
0,107714
0,116786
0,4041
1,006514
0,386666
0,184001
0,250505
0,172034
0,121598
0,123601
0,272853
0,154845
0,105563
0,101422
0,145592
0,168003
0,115687
0,105259
0,355515
0,161502
0,121268
0,173084
0,130713
0,152169
0,131431
0,142267
0,294592
0,13145
0,140372
0,134033
0,112805
0,114903
0,146987
0,235578
0,11012
0,168365
0,133258
0,1529
0,169666
0,150271
0,177193
0,213402
0,124452
0,126723
0,139717
0,17265
0,153169
0,190426
0,227769
0,123122
0,117927
0,166189
0,12338
0,16218
0,163032
0,220998
0,158828
0,131746
0,124408
0,116655
0,131006
0,138688
0,115471
0,133563
0,106659
0,135608
0,177994
0,123887
0,180598
0,181402
0,153783
0,226298
0,154655
0,110306
0,110548
0,143633
0,15708
0,136799
0,153657
0,167679
0,105733
0,134966
0,166166
0,149258
0,16008
0,141007
0,127073
0,174236
0,161552
0,245876
0,193652
0,147085
0,144118
0,158267
0,242022
0,135954
0,162352
0,101903
0,138178
0,137789
0,127936
0,188514
0,109286
0,143429
0,134268
0,133245
0,2178
0,370543
0,23353
0,183902
0,144368
0,114345
0,170239
0,109638
0,167031
0,169052
0,129654
0,116467
0,109085
0,118863
0,098229
0,113443
0,132728
0,119607
0,14306
0,094962
0,107701
0,09747
0,111154
0,097464
0,112036
0,110492
0,094445
0,130815
0,116259
0,147095
0,103362
0,0899
0,092398
0,116778
0,171558
0,245968
1,142579
0,564219
0,143044
0,937942
0,45151
0,783681
0,429492
0,169984
0,126296
0,147661
0,133951
0,215394
0,144285
0,106788
0,14187
0,537835
0,705984
0,694531
0,157317
0,137027
0,114701
0,177264
0,146439
0,162694
0,12224
0,278402
0,102253
0,101058
0,129795
0,136191
0,6377
0,164453
0,113258
0,190054
0,101171
0,185177
0,208122
0,300316
0,148626
0,169491
0,105459
0,097743
0,113322
0,112575
0,122191
0,109615
0,147329
0,16608
0,09662
0,107174
0,109949
0,099135
0,101666
0,118537
0,110419
0,10888
0,101844
0,13954
0,123952
0,122234
0,11302
0,11767
0,121313
0,09787
0,135735
0,112111
0,115802
0,132925
0,17152
0,114451
0,104906
0,12081
0,102098
0,097812
0,102612
0,109261
0,095331
0,092669
0,115992
0,095137
0,099038
0,091092
0,100614
0,09934
0,099611
0,115678
0,10474
0,113288
0,102252
0,214931
0,108279
0,107344
0,139217
0,099539
0,120235
0,096442
0,098797
0,126155
0,126011
0,100181
0,108505
0,097266
0,119112
0,158812
0,12493
0,119469
0,108058
0,187357
0,110309
0,104189
0,105427
0,113571
0,100548
0,103013
0,100237
0,09854
0,095036
0,110446
0,093059
0,091717
0,117762
0,108213
0,118475
0,110503
0,098191
0,093473
0,124406
0,097082
0,095995
0,099105
0,10881
0,141399
0,098831
0,096006
0,104168
0,097294
0,134932
0,106378
0,099028
0,145132
0,14528
0,100422
0,117297
0,118014
0,099536
0,110282
0,106668
0,112547
0,111429
0,123317
0,222195
0,134289
0,096878
0,098965
0,109612
0,10295
0,115254
0,09204
0,101575
0,121826
0,117729
0,236769
0,154572
0,169678
0,198327
0,110377
0,11684
0,09264
0,100974
0,097642
0,134841
0,136232
0,094782
0,114618
0,110205
0,105743
0,134734
0,119049
0,099085
0,107878
0,099602
0,132389
0,107506
0,110881
0,099567
0,134518
0,188397
0,266167
0,202349
0,10708
0,161023
0,120783
0,092348
0,206793
0,219244
0,153648
0,115501
0,118981
0,156812
0,143372
0,348372
0,152091
0,127446
0,155608
0,12531
0,145963
0,132859
0,209744
0,157847
0,176912
0,119902
0,14441
0,10344
0,156435
0,22842
0,129017
0,104363
0,138299
0,178267
0,114921
0,107626
0,106257
0,190381
0,106434
0,093403
0,093948
0,093831
0,083824
0,108801
0,099109
0,085879
0,081184
0,090717
0,087012
0,086503
0,10817
0,087423
0,086095
0,086031
0,101291
0,086013
0,092388
0,092987
0,097196
0,088424
0,099251
0,144796
0,091442
0,088946
0,084047
0,090504
0,094656
0,087289
0,090387
0,091338
0,089826
0,085388
0,102216
0,100335
0,088602
0,103377
0,090943
0,089557
0,090813
0,088394
0,087961
0,09069
0,088412
0,087848
0,10736
0,11113
0,102059
0,092525
0,091929
0,104806
0,085636
0,087468
0,09865
0,08921
0,112072
0,094805
0,094338
0,095873
0,096076
0,096643
0,102962
0,095374
0,090536
0,10337
0,107416
0,111839
0,096233
0,114814
0,117059
0,096923
0,096618
0,097031
0,099875
0,121817
0,116098
0,099416
0,094212
0,099831
0,092621
0,095873
0,095567
0,090493
0,087153
0,083316
0,098047
0,091685
0,103996
0,109513
0,131967
0,089578
0,109104
0,120927
0,090182
0,087079
0,085173
0,100113
0,098308
0,091473
0,094329
0,107758
0,091952
0,117291
0,096579
0,092572
0,096239
0,099334
0,092843
0,09092
0,091539
0,094893
0,110575
0,105912
0,094022
0,126407
0,09356
0,112585
0,111025
0,095194
0,099932
0,101389
0,091569
0,090434
0,092959
0,087693
0,087949
0,101084
0,094006
0,095659
0,094203
0,092687
0,109718
0,091378
0,681563
0,168436
0,102415
0,099974
0,111421
0,1101
0,094938
0,092593
0,097283
0,110796
0,098988
0,092252
0,1011
0,095731
0,098408
0,105365
0,104972
0,097904
0,09669
0,097226
0,096472
0,092977
0,09564
0,098584
0,096591
0,097123
0,109372
0,102649
0,097842
0,105355
0,09241
0,09124
0,097853
0,099866
0,099977
0,091778
0,097123
0,098505
0,096177
0,094526
0,097808
0,093692
0,086563
0,095737
0,129521
0,094561
0,093282
0,088339
0,09541
0,083522
0,097083
0,095254
0,097277
0,091479
0,097972
0,101148
0,086736
0,103028
0,095247
0,094151
0,099362
0,0922
0,095653
0,09695
0,102313
0,094958
0,157365
0,109829
0,109265
0,098908
0,102201
0,103328
0,095261
0,09985
0,092712
0,093151
0,09916
0,100362
0,104285
0,105634
0,118488
0,088576
0,098014
0,093691
0,096405
0,101162
0,092754
0,097086
0,091355
0,102193
0,099482
0,099596
0,123895
0,115123
0,117421
0,111865
0,131264
0,11082
0,21141
0,12872
0,11334
0,16472
0,111458
0,11419
0,114188
0,113495
0,193198
0,112129
0,108968
0,107949
0,127611
0,110001
0,117804
0,108875
0,152682
0,133877
0,100535
0,099882
0,14497
0,117595
0,102202
0,104503
0,100116
0,101545
0,203975
0,09824
0,10404
0,129937
0,095199
0,103785
0,113252
0,106108
0,108385
0,184056
0,130616
0,106364
0,10316
0,113727
0,14109
0,10883
0,104847
0,160617
0,167527
0,100248
0,105906
0,098613
0,094648
0,108639
0,094274
0,093534
0,094431
0,109991
0,118854
0,094322
0,093072
0,106043
0,091664
0,09377
0,094665
0,112917
0,095263
0,100117
0,158522
0,103262
0,097521
0,103696
0,110396
0,094426
0,093701
0,128334
0,107071
0,115285
0,129729
0,102882
0,09305
0,118013
0,109202
0,105694
0,113666
0,102809
0,112521
0,18689
0,102977
0,116201
0,112056
0,103572
0,106339
0,098855
0,120067
0,113595
0,111937
0,11876
0,103064
0,116002
0,113969
0,101334
0,112833
0,124147
0,114555
0,141898
0,217174
0,402047
0,138735
0,106924
0,10492
0,099818
0,142561
0,131048
0,125881
0,087178
0,086556
0,113236
0,094829
0,101095
0,090767
0,096255
0,109794
0,091421
0,097342
0,103485
0,104426
0,112953
0,128033
0,103912
0,107477
0,106648
0,179269
0,161138
0,121634
0,099665
0,166749
0,119086
0,210973
0,164062
0,170156
0,125503
0,13381
0,125906
0,110806
0,124024
0,129537
0,147505
0,10863
0,111092
0,112175
0,098205
0,128124
0,981738
0,127227
0,124275
0,153451
0,137437
0,099401
0,108161
0,326866
0,142
0,117187
0,17515
0,090676
0,144031
0,110402
0,10083
0,114952
0,122709
0,141501
0,099322
0,103673
0,109152
0,100154
0,094541
0,102392
0,101533
0,123068
0,13944
0,09639
0,148525
0,110069
0,112049
0,119915
0,108292
0,115138
0,120869
0,140601
0,129197
0,107822
0,136398
0,099368
0,104357
0,101337
0,096134
0,100441
0,093655
0,188729
0,120791
0,109656
0,113504
0,134548
0,128752
0,183526
0,107244
0,106089
0,108935
0,236619
0,121614
0,132957
0,144544
0,136451
0,135118
0,117315
0,127316
0,114378
0,096957
0,094728
0,105089
0,093209
0,091839
0,106538
0,099355
0,084317
0,100879
0,204474
0,116825
0,100962
0,113699
0,092473
0,096545
0,111677
0,094904
0,096257
0,095405
0,101706
0,130048
0,101783
0,150445
0,206481
0,090895
0,130021
0,094517
0,171195
0,100184
0,11272
0,113367
0,109935
0,109799
0,108583
0,111715
0,174389
0,159813
0,169874
0,120311
0,100152
0,110468
0,093327
0,098745
0,113131
0,109332
0,098583
0,096402
0,108733
0,110349
0,10124
0,095634
0,13671
0,092911
0,104659
0,114315
0,116196
0,103458
0,223728
0,134789
0,193891
0,119151
0,125734
0,13195
0,104808
0,093573
0,122832
0,118104
0,098551
0,100102
0,225676
0,108756
0,09913
0,108639
0,104
0,118686
0,146934
0,092894
0,099644
0,098378
0,138346
0,092361
0,11689
0,11551
0,109108
0,114125
0,082958
0,104619
0,090325
0,089325
0,105666
0,090601
0,091983
0,099398
0,103202
0,094663
0,228515
0,124087
0,14388
0,332205
0,102093
0,101851
0,782582
0,177416
0,215308
0,304451
0,300483
0,116354
0,238462
0,120752
0,136874
0,114554
0,168482
0,157029
0,113567
0,09107
0,093381
0,094678
0,096838
0,118467
0,109612
0,153831
0,173273
0,127114
0,140967
0,281638
0,114526
0,108961
0,105175
0,116665
0,088057
0,114048
0,107534
0,11102
0,118066
0,101851
0,125049
0,123688
0,111625
0,195084
0,103815
0,136769
0,096653
0,106353
0,100712
0,091303
0,101405
0,101075
0,098023
0,202866
1,210286
0,157089
0,102994
0,134366
0,130071
0,10932
0,096459
0,093979
0,095077
0,123541
0,10625
0,127445
0,102118
0,10833
0,107801
0,092992
0,125581
0,113925
0,093894
0,104902
0,106296
0,146418
0,088008
0,108806
0,099804
0,087681
0,093974
0,107486
0,109262
0,09335
0,093861
0,165514
0,114854
0,096212
0,095906
0,151586
0,103199
0,098578
0,090472
0,089469
0,090544
0,087712
0,13291
0,108826
0,16377
0,152181
0,113812
0,273472
0,118425
0,101234
0,132634
0,121964
0,116309
0,123464
0,113172
0,121422
0,117563
0,118448
0,162658
0,115465
0,110644
0,113571
0,103102
0,108184
0,111514
0,096892
0,101351
0,184344
0,127202
0,106838
0,131369
0,102775
0,108934
0,11739
0,108842
1,150766
0,600822
0,114262
0,124655
0,116768
0,113289
0,111577
0,114345
0,118817
0,140207
0,105324
0,111183
0,124785
0,109713
0,112594
0,11346
0,107398
0,11033
0,274388
0,212941
0,16152
0,160777
0,123494
0,126769
0,120053
0,126353
0,291519
0,133403
0,111208
0,158708
0,121636
0,258193
0,589895
0,143397
0,125908
0,132693
0,105454
0,170946
0,128066
0,096817
0,163312
0,123701
0,114035
0,125998
0,144379
0,100177
0,093205
0,103589
0,110208
0,118305
0,123762
0,110599
0,109404
0,101508
0,111954
0,107106
0,108905
0,119652
0,106808
0,108665
0,101717
0,186499
0,138334
0,123515
0,122333
0,127025
0,144456
0,134774
0,150814
0,119456
0,107263
0,114811
0,112773
0,096329
0,099357
0,097859
0,111646
0,159133
0,116944
0,120361
0,110259
0,105227
0,118048
0,113856
0,110468
0,10292
0,10725
0,120095
0,094182
0,112473
0,12051
0,110506
0,111548
0,119424
0,110196
0,117044
0,115415
0,112456
0,103704
0,11729
0,121973
0,111934
0,102966
0,112837
0,095487
0,10927
0,115762
0,139198
0,099575
0,10953
0,119785
0,095424
0,100817
0,106426
0,118926
0,108392
0,137561
0,090791
0,115402
0,120281
0,095468
0,11849
0,115034
0,100778
0,113898
0,18111
0,102184
0,110268
0,095044
0,09143
0,095509
0,091481
0,094963
0,090802
0,094267
0,125752
0,104905
0,094755
0,09899
0,091732
0,110982
0,100396
0,093214
0,103762
0,104584
0,09234
0,119779
0,096835
0,090479
0,105792
0,091757
0,090432
0,105572
0,095387
0,091765
0,089676
0,09045
0,192629
0,09406
0,119336
0,111656
0,098719
0,098627
0,106878
0,11133
0,112749
0,149002
0,105409
0,118709
0,112151
0,11935
0,117484
0,248626
0,103573
0,092156
0,097726
0,102053
0,109005
0,115834
0,125804
0,12423
0,103566
0,111873
0,119215
0,09814
0,105704
0,09327
0,105941
0,11156
0,131225
0,108518
0,109671
0,094329
0,110456
0,122397
0,09328
0,102793
0,107899
0,092952
0,145488
0,100158
0,103342
0,10585
0,113867
0,115299
0,167865
0,113096
0,122778
0,121073
0,095498
0,109091
0,110121
0,08703
0,089235
0,112071
0,105384
0,103159
0,109453
0,171049
0,104448
0,094385
0,125404
0,098551
0,091876
0,097484
0,094739
0,108921
0,104496
0,122501
0,124885
0,104527
0,092879
0,092962
0,114585
0,101365
0,093834
0,117833
0,091552
0,093533
0,101277
0,080333
0,086878
0,094274
0,110547
0,121748
0,110739
0,105634
0,125702
0,108547
0,203924
0,119632
0,11411
0,116022
0,112255
0,117534
0,120999
0,13018
0,111595
0,126137
0,219338
0,140063
0,12783
0,102275
0,102727
0,121454
0,105621
0,108614
0,195462
0,108785
0,105945
0,206836
0,206162
0,110878
0,09883
0,128607
0,137193
0,093723
0,102369
0,10749
0,105545
0,099831
0,107863
0,104891
0,096607
0,124801
0,10513
0,104698
0,098318
0,090362
0,108232
0,092436
0,108442
0,112293
0,113796
0,161111
0,095055
0,098314
0,112833
0,687886
0,156861
0,151759
0,160797
0,134717
0,11535
0,092424
0,125296
0,112317
0,090991
0,096699
0,100902
0,10532
0,103685
0,100868
0,125147
0,091626
0,097974
0,09556
0,099351
0,096924
0,097313
0,115062
0,096415
0,094234
0,107797
0,092655
0,107114
0,117912
0,102065
0,099002
0,095783
0,100732
0,113054
0,097028
0,111133
0,099626
0,102154
0,093807
0,091571
0,126929
0,107737
0,096409
0,101773
0,124274
0,146653
0,135983
0,119846
0,097553
0,110872
0,121543
0,1341
0,10656
0,103563
0,099793
0,13667
0,105603
0,135856
0,120928
0,122563
0,114967
0,115423
0,1017
0,090127
0,102762
0,089342
0,093943
0,109817
0,114293
0,097005
0,100719
0,099722
0,096118
0,142239
0,090329
0,088807
0,097259
0,103818
0,11016
0,130736
0,168648
0,095123
0,09499
0,113158
0,138851
0,101986
0,105518
0,112239
0,112844
0,166746
0,13805
0,147191
0,120725
0,095179
0,11008
0,110484
0,120203
0,11617
0,105367
0,111994
0,120146
0,145703
0,100114
0,120635
0,099654
0,091162
0,168218
0,09944
0,090675
0,102621
0,112793
0,129259
0,082066
0,092318
0,097508
0,105677
0,101184
0,125371
0,102514
0,104378
0,123864
0,101442
0,111878
0,130143
0,112887
0,099528
0,125655
0,114437
0,097809
0,102792
0,088336
0,109756
0,103727
0,119194
0,111499
0,136925
0,104007
0,13277
0,103629
0,105684
0,096554
0,097993
0,108557
0,141292
0,099728
0,107329
0,097517
0,097556
0,101068
0,092706
0,094028
0,100814
0,095289
0,137607
0,111832
0,099895
0,106937
0,098019
0,091227
0,106412
0,099222
0,093745
0,104077
0,114377
0,092221
0,09174
0,099423
0,098423
0,091499
0,096143
0,107638
0,097244
0,096116
0,117704
0,101136
0,103363
0,109563
0,101621
0,114146
0,10157
0,105238
0,095513
0,103258
0,110739
0,100513
0,117143
0,231218
0,110905
0,121714
0,097684
0,113891
0,094555
0,093815
0,098844
0,106136
0,142596
0,099486
0,10786
0,104086
0,102919
0,101205
0,113367
0,105396
0,108688
0,121738
0,119656
0,115541
0,110394
0,108124
0,161487
0,102872
0,115321
0,102183
0,1062
0,100192
0,107871
0,150591
0,096507
0,111833
0,094452
0,103934
0,094638
0,099792
0,096452
0,098549
0,101647
0,100652
0,118202
0,097458
0,115994
0,108542
0,104499
0,11146
0,096823
0,120232
0,101913
0,106483
0,117865
0,099248
0,115633
0,099693
0,103137
0,096537
0,111663
0,102684
0,103068
0,111324
0,147047
0,103248
0,105356
0,100278
0,106081
0,101024
0,089617
0,104458
0,114418
0,096376
0,138076
0,09799
0,102601
0,123657
0,103798
0,090637
0,098535
0,096964
0,104697
0,085138
0,114639
0,107109
0,09056
0,091486
0,110696
0,09584
0,156558
0,146656
0,107883
0,112217
0,094941
0,20201
0,099749
0,111546
0,101228
0,095058
0,094891
0,095679
0,110158
0,094131
0,11071
0,08822
0,093576
0,116876
0,104288
0,111042
0,107542
0,13527
0,132827
0,13746
0,134395
0,144468
0,141983
0,246769
0,137254
0,147211
0,144987
0,128808
0,131568
0,134045
0,26423
0,134385
0,10617
0,126892
0,129434
0,144583
0,149438
0,257431
0,890724
0,267497
0,236784
0,148395
0,148113
0,12331
0,152409
0,182504
0,109548
0,160592
0,126828
0,148255
0,142549
0,13695
0,138418
0,15149
0,324842
0,320423
0,102398
0,099749
0,119758
0,098684
0,093001
0,098999
0,147975
0,122521
0,115746
0,147863
0,113064
0,12195
0,104788
0,121439
0,107078
0,115885
0,166709
0,137877
0,141561
0,149941
0,113817
0,136697
0,130163
0,122799
0,132366
0,126439
0,095506
0,098534
0,15373
0,090058
0,098565
0,095518
0,107129
0,107381
0,116315
0,096497
0,109837
0,098548
0,169428
0,119778
0,100295
0,10091
0,098477
0,104234
0,088586
0,098779
0,116477
0,097192
0,158834
0,12456
0,124153
0,107545
0,10287
0,134952
0,095294
0,093003
0,092001
0,11142
0,111946
0,093033
0,11752
0,130463
0,12684
0,1488
0,202516
0,233704
0,128934
0,137999
0,140476
0,146397
0,126587
0,162735
0,133178
0,101445
0,098816
0,094031
0,144849
0,145875
0,124141
0,137741
0,12167
0,112418
0,101743
0,100766
0,107462
0,120114
0,158489
0,107657
0,10446
0,097634
0,097371
0,100852
0,745348
0,152207
0,095766
0,096499
0,094249
0,110157
0,116758
0,112738
0,094855
0,098816
0,095048
0,121933
0,124581
0,104753
0,10812
0,095754
0,117665
0,112264
0,099447
0,099529
0,094141
0,110914
0,126076
0,175237
0,109365
0,10032
0,095116
0,112217
0,108205
0,093942
0,09306
0,109474
0,168481
0,10868
0,181492
0,091046
0,091286
0,092633
0,097913
0,119649
0,093552
0,1195
0,091509
0,097762
0,097506
0,110613
0,101517
0,100558
0,095034
0,093901
0,087393
0,095184
0,117896
0,103312
0,117705
0,095742
0,095469
0,100912
0,091255
0,097123
0,088599
0,087228
0,098058
0,107728
0,101482
0,094885
0,095849
0,095743
0,101951
0,095754
0,093409
0,108583
0,101095
0,112239
0,246983
0,127554
0,196425
0,120028
0,17017
0,205292
0,097404
0,116974
0,108444
0,097057
0,095636
0,106082
0,102434
0,110812
0,097754
0,092048
0,092972
0,109168
0,090908
0,100856
0,106322
0,09188
0,108562
0,103238
0,110738
0,121879
0,09968
0,264485
0,118592
0,093668
0,089315
0,088958
0,090587
0,136625
0,130218
0,195745
0,129187
0,194059
0,120507
0,108808
0,128934
0,178148
0,09659
0,107039
0,106442
0,101826
0,108035
0,154586
0,117078
0,117206
0,099739
0,103463
0,101131
0,126975
0,109857
0,121622
0,107768
0,11307
0,130236
0,107324
0,094132
0,096677
0,097679
0,098213
0,10476
0,090277
0,091635
0,103377
0,104141
0,294973
0,137002
0,168828
0,180215
0,224852
0,236396
0,137988
0,104239
0,108625
0,091606
0,093574
0,123834
0,103664
0,097714
0,108194
0,095769
0,116358
0,097635
0,099314
0,091021
0,117145
0,138827
0,150186
0,157601
0,149918
0,137705
0,098638
0,100145
0,115675
0,108465
0,10261
0,091011
0,091768
0,100304
0,110127
0,13339
0,098682
0,106552
0,099413
0,108626
0,107756
0,094102
0,107224
0,08888
0,092007
0,095145
0,109553
0,089347
0,096861
0,102768
0,118611
0,088226
0,095479
0,092658
0,091242
0,091422
0,097273
0,135129
0,089574
0,091152
0,096135
0,098278
0,095804
0,099365
0,097501
0,09384
0,104215
0,093179
0,12122
0,087565
0,107414
0,104594
0,091723
0,107163
0,09888
0,093622
0,094359
0,092922
0,109342
0,103682
0,09549
0,091307
0,095887
0,088627
0,095092
0,087661
0,111741
0,123312
0,139987
0,275861
0,141818
0,142906
0,142797
0,142873
0,249474
0,134915
0,145065
0,296171
0,118497
0,123555
0,14115
0,141686
0,287704
0,311531
0,172079
0,138622
0,184182
0,182693
0,097636
0,120828
0,111444
0,102489
0,134059
0,093865
0,095074
0,095916
0,102082
0,09982
0,101908
0,110765
0,111394
0,103578
0,105923
0,111336
0,113492
0,096685
0,127162
0,104606
0,101502
0,095907
0,101921
0,096937
0,093794
0,0988
0,117666
0,23421
0,106257
0,11324
0,106841
0,108828
0,111657
0,093545
0,096249
0,09422
0,093841
0,150044
0,110122
0,098157
0,094562
0,120456
0,097997
0,122198
0,102515
0,122979
0,162544
0,147029
0,100788
0,099811
0,091723
0,133161
0,152921
0,118299
0,125861
0,117214
0,094955
0,120358
0,102168
0,098604
0,138817
0,125335
0,126027
0,123922
0,129633
0,137207
0,186775
0,273079
0,141386
0,140454
0,134846
0,13845
0,139428
0,150277
0,269993
0,148098
0,142276
0,144803
0,142251
0,142321
0,120419
0,111794
0,151873
0,098665
0,102574
0,101355
0,098302
0,122774
0,110238
0,094079
0,093607
0,159916
0,110506
0,104358
0,090875
0,09293
0,099958
0,090958
0,090072
0,089487
0,113056
0,147643
0,218848
0,204578
0,102039
0,100642
0,089485
0,092768
0,09049
0,102662
0,118358
0,124053
0,119073
0,099141
0,098099
0,092913
0,103453
0,104844
0,125046
0,09368
0,11966
0,1006
0,193949
0,127001
0,180355
0,133582
0,102094
0,104047
0,115117
0,166398
0,220022
0,152182
0,105413
0,101953
0,104075
0,15413
0,09127
0,102914
0,100093
0,105746
0,097759
0,09825
0,121252
0,131643
0,117202
0,185568
0,088352
0,08959
0,086445
0,094553
0,092341
0,093807
0,094008
0,096576
0,113264
0,084816
0,161846
0,107265
0,142255
0,103852
0,099562
0,090063
0,123314
0,161078
0,132302
0,139199
0,109858
0,104479
0,140157
0,137099
0,111802
0,101752
0,116857
0,098363
0,095546
0,127466
0,108364
0,107412
0,089201
0,101234
0,098017
0,100045
0,101801
0,093254
0,109229
0,095085
0,106622
0,129401
0,10693
0,08904
0,096736
0,095129
0,096897
0,094271
0,095693
0,11242
0,098314
0,097312
0,159439
0,109408
0,117465
0,096601
0,114393
0,09378
0,108887
0,087448
0,09981
0,091512
0,103914
0,268664
0,203229
0,143827
0,253199
0,091277
0,107551
0,106459
0,116262
0,097722
0,098638
0,109512
0,097269
0,098076
0,101584
0,098389
0,095892
0,113526
0,11668
0,14256
0,120925
0,100227
0,102453
0,116501
0,129248
0,109998
0,098589
0,096456
0,089763
0,085998
0,101252
0,117725
0,121799
0,085383
0,115931
0,105369
0,088743
0,097327
0,0901
0,100305
0,121296
0,206505
0,1082
0,103566
0,098599
0,098929
0,103407
0,094128
0,100266
0,152022
0,141499
0,151044
0,422882
0,154327
0,138142
0,101316
0,096874
0,107283
0,09522
0,135975
0,15863
0,116746
0,139163
0,116513
0,09953
0,10315
0,098883
0,100529
0,099564
0,098451
0,099426
0,126768
0,117637
0,114399
0,112959
0,11247
0,11302
0,100427
0,09821
0,103814
0,110804
0,105337
0,133611
0,111901
0,100463
0,112076
0,120634
0,108271
0,161283
0,106352
0,104653
0,145629
0,096208
0,102575
0,099282
0,134892
0,098488
0,104404
0,099113
0,098954
0,103178
0,117961
0,119272
0,100428
0,113892
0,11139
0,141698
0,399226
0,184222
0,256173
0,100385
0,121511
0,101581
0,109618
0,101417
0,113224
0,122923
0,106375
0,139
0,107116
0,122049
0,118799
0,10869
0,119533
0,144219
0,13922
0,118683
0,159242
0,124005
0,111224
0,129485
0,096547
0,122922
0,095341
0,1104
0,103921
0,096693
0,114523
0,109138
0,104905
0,104337
0,101008
0,094807
0,094511
0,107746
0,091502
0,12028
0,155233
0,099419
0,101503
0,108097
0,096448
0,095987
0,110426
0,107825
0,105016
0,103045
0,109257
0,130902
0,099564
0,116353
0,105915
0,105885
0,102847
