0,535431
0,108729
0,113459
0,107432
0,136203
0,105902
0,092186
0,090707
0,095286
0,113629
0,102088
0,092954
0,110358
0,106148
0,107234
0,095512
0,112576
0,097438
0,119155
0,103763
0,095301
0,102262
0,104908
0,099695
0,097222
0,098523
0,115174
0,111581
0,100607
0,091396
0,131495
0,108937
0,085937
0,090171
0,089716
0,095051
0,094407
0,120585
0,114048
0,108776
0,108798
0,154072
0,119674
0,107182
0,143256
0,1099
0,113378
0,137297
0,12744
0,116934
0,107574
0,114885
0,112155
0,154475
0,110913
0,109776
0,108492
0,101678
0,108544
0,103451
0,14034
0,152507
0,123788
0,101678
0,104025
0,109433
0,132436
0,106167
0,118836
0,113736
0,124303
0,10207
0,145233
0,191107
0,277611
0,190857
0,152436
0,139428
0,147125
0,151529
0,118464
0,136576
0,131594
0,128609
0,156641
0,117612
0,107431
0,11071
0,134462
0,11841
0,132915
0,141572
0,145329
0,13799
0,137389
0,174782
0,149462
0,133198
0,12615
0,172191
0,177895
0,134807
0,174996
0,173221
0,127644
0,1789
0,12888
0,1632
0,165606
0,117347
0,146466
0,114646
0,375233
0,120935
0,131925
0,140154
0,137884
0,152226
0,158048
0,153713
0,149801
0,13246
0,144384
0,119444
0,163643
0,145626
0,115692
0,137855
0,115169
0,152183
0,136258
0,12193
0,130904
0,13534
0,116475
0,138001
0,165198
0,115983
0,137974
0,126712
0,127798
0,139823
0,114623
0,106115
0,114424
0,284689
0,117339
0,102007
0,747921
0,253128
0,124011
0,479696
0,120057
0,215922
0,155066
0,134543
0,14764
0,11687
0,150701
0,114865
0,163511
0,142067
0,117148
0,105384
0,106757
0,098504
0,116127
0,111277
0,11259
0,122322
0,162784
0,130345
0,109031
0,114676
0,131471
0,105339
0,10995
0,103292
0,108537
0,13762
0,161321
0,125936
0,149922
0,129871
0,145089
0,168126
0,143401
0,14612
0,209463
0,17811
0,4629
0,103481
0,147716
0,465301
0,451018
0,520888
0,827116
0,225025
0,604074
1,433626
0,298308
0,112265
0,99709
1,010233
0,12747
0,139613
0,121357
0,115464
0,107844
0,199613
0,548386
0,220113
0,347965
0,169847
0,141221
0,128301
0,146968
0,140571
0,134125
0,191097
0,173321
0,15218
0,137247
0,174106
0,140689
0,109007
0,116641
0,113376
0,208904
0,175647
0,141955
0,410746
0,324745
0,132607
0,134065
0,123655
0,123082
0,111179
0,10149
0,113487
0,106584
0,104157
0,101606
0,109164
0,106222
0,106825
0,105836
0,101181
0,095552
0,094905
0,093336
0,113813
0,115718
0,095647
0,10759
0,114319
0,117346
0,097373
0,098254
0,108718
0,110373
0,097335
0,171013
0,131955
0,133204
0,137318
0,29405
0,431889
0,187774
0,152571
0,135633
0,149421
0,121896
0,12476
0,1344
0,281069
0,123982
0,140846
0,088395
0,110875
0,113695
0,111339
0,104418
0,134791
0,11179
0,109935
0,096896
0,110442
0,1146
0,099516
0,126448
0,111851
0,133119
0,129928
0,161243
0,114793
0,138264
0,128491
0,157004
0,500122
0,259871
0,108813
0,108264
0,103211
0,101242
0,121273
0,096941
0,111935
0,082796
0,104981
0,122781
0,104387
0,114828
0,096881
0,097649
0,109534
0,103026
0,158043
0,143379
0,143017
0,178787
0,243232
0,145199
0,160566
0,125506
0,144267
0,123887
0,114128
1,037338
0,21047
0,270741
0,145544
0,132581
0,141105
0,177567
0,108032
0,12366
0,213062
0,114902
0,143913
0,116422
0,133196
0,181036
0,199774
0,166287
0,136865
0,16942
0,171447
0,14958
0,159325
0,13039
0,306005
0,140383
0,156024
0,204121
0,129318
0,152613
0,220973
0,125983
0,106746
0,102968
0,092708
0,095073
0,099325
0,101002
0,100156
0,091885
0,087204
0,129662
0,102972
0,100814
0,11528
0,088483
0,10941
0,113282
0,11152
0,088408
0,103916
0,161379
0,128098
0,155757
0,185765
0,18312
0,115924
0,106233
0,147252
0,161429
0,131861
0,132076
0,097461
0,095355
0,106786
0,106008
0,101878
0,111551
0,116842
0,094934
0,112763
0,092684
0,103598
0,108689
0,101132
0,09861
0,119216
0,109479
0,117628
0,121875
0,116173
0,099638
0,088885
0,091313
0,086392
0,103107
0,090732
0,095999
0,086025
0,083469
0,11759
0,105631
0,121453
0,112964
0,584089
0,57732
0,183478
0,181902
0,317703
0,130399
0,172156
0,44099
0,294095
0,214585
0,156664
0,106849
0,12405
0,120133
0,096239
0,102064
0,108257
0,123433
0,16173
0,127884
0,097676
0,096771
0,098573
0,100439
0,115122
0,112995
0,158437
0,109989
0,147038
0,120695
0,110154
0,102267
0,129753
0,11868
0,10271
0,118624
0,106802
0,102856
0,133911
0,166304
0,128667
0,10956
0,158421
0,138447
0,182211
0,165691
0,157653
0,195996
0,161568
0,118406
0,161153
0,127127
0,143069
0,139228
0,169007
0,172216
0,130963
0,151203
0,130612
0,152766
0,140211
0,177071
0,121203
0,165082
0,142632
0,128925
0,163168
0,163227
0,139989
0,205514
0,146854
0,140272
0,129425
0,147864
0,146975
0,117622
0,139162
0,331895
0,466806
0,334829
0,121925
0,191475
0,112887
0,130388
0,153786
0,129336
0,146996
0,11688
0,11222
0,186008
0,132027
0,160973
0,12649
0,149711
0,129986
0,126559
0,118249
0,1234
0,114204
0,110045
0,163028
0,12356
0,1284
0,177966
0,133325
0,162091
0,18773
0,563295
0,186252
0,194225
0,201048
0,128653
0,112479
0,158774
0,156337
0,157069
0,243017
0,125866
0,130172
0,151524
0,138927
0,174801
0,124004
0,1331
0,205565
0,142459
0,161562
0,155114
0,182486
0,133268
0,133574
0,23389
0,126158
0,164225
0,123387
0,152814
0,405552
0,202161
0,151345
0,219715
0,19317
0,151805
0,141497
0,237824
0,126673
0,107019
0,101221
0,111198
0,104339
0,101423
0,104208
0,090855
0,143459
0,122639
0,111888
0,095449
0,104061
0,115088
0,101551
0,104139
0,10988
0,113038
0,101191
0,203055
0,167723
0,129081
0,109829
0,112286
0,423486
0,287501
0,210976
0,152434
0,161454
0,144515
0,137648
0,172929
0,110362
0,117516
0,1261
0,154343
0,113605
0,115345
0,103836
0,096944
0,108328
0,108531
0,11408
0,139618
0,112987
0,109079
0,100418
0,116195
0,104973
0,114837
0,131717
0,12999
0,237889
0,118135
0,153951
0,124315
0,156343
0,327496
0,263784
0,241814
0,169433
0,140858
0,163576
0,193034
0,153323
0,161025
0,11702
0,161409
0,149393
0,153256
0,745111
0,536398
0,157206
0,146965
0,17203
0,129016
0,673551
1,129482
0,187402
0,151339
0,111557
0,177578
0,64025
0,310611
0,139094
0,137741
0,134978
0,154387
0,155571
0,124419
0,19222
0,107972
0,115875
0,137326
0,112824
0,11045
0,107555
0,106378
0,113817
0,107922
0,137816
0,112149
0,097571
0,096384
0,128344
0,10192
0,081374
0,098859
0,119797
0,109161
0,138997
0,146853
0,119044
0,123565
0,136234
0,104063
0,115831
0,122844
0,108058
0,110873
0,147932
0,216485
0,138669
0,156488
0,168224
0,16373
0,871315
0,393556
0,150878
0,15177
0,189863
0,170098
0,284249
0,136252
0,162295
0,125194
0,321341
0,143852
0,137461
0,118988
0,111096
0,132592
0,114978
0,100083
0,125487
0,13451
0,114777
0,21883
0,284939
0,168523
0,149185
0,155003
0,122647
0,216275
1,168946
0,788793
0,581359
0,416018
0,15259
0,133092
0,146048
0,144515
0,120712
0,159728
0,184763
0,142852
0,142773
0,105553
0,12038
0,115897
0,117321
0,124735
0,14421
0,271377
0,138951
0,621825
0,142625
0,196245
0,146293
0,114265
0,137736
0,103472
0,098613
0,105761
0,103609
0,13294
0,104624
0,149793
0,112636
0,105098
0,094093
0,107293
0,103778
0,10523
0,095198
0,106819
0,114823
0,109352
0,103547
0,145479
0,110342
0,117738
0,115554
0,140586
0,126986
0,103976
0,086387
0,110026
0,127285
0,136041
0,106875
0,11199
0,128755
0,111766
0,102158
0,10202
0,107636
0,111614
0,132822
0,114701
0,117391
0,099589
0,101765
0,102011
0,104925
0,104273
0,108271
0,100147
0,099992
0,119096
0,141592
0,116779
0,095576
0,110062
0,098393
0,078876
0,116251
0,104038
0,156827
0,370003
0,140889
0,961888
0,137579
0,186028
0,155633
0,112835
0,111924
0,12187
0,111959
0,12407
0,143818
0,154852
0,118417
0,102325
0,103226
0,122277
0,10484
0,114479
0,103188
0,100284
0,114319
0,088161
0,123993
0,138919
0,148387
0,111764
0,158996
0,137615
0,162158
0,120014
0,1092
0,098826
0,107595
0,104741
0,099695
0,104022
0,101698
0,108122
0,09172
0,08851
0,097911
0,087588
0,104192
0,102694
0,112372
0,109626
0,090119
0,090786
0,103408
0,08202
0,087542
0,094566
0,085681
0,087862
0,097689
0,099164
0,090664
0,092197
0,102356
0,116817
0,092358
0,087922
0,108445
0,099402
0,08933
0,114945
0,089266
0,088662
0,084063
0,083802
0,090145
0,086494
0,08914
0,089631
0,086751
0,089509
0,084115
0,097217
0,089785
0,095077
0,088277
0,092131
0,087898
0,087148
0,087257
0,097922
0,09261
0,090656
0,111853
0,085136
0,095699
0,085195
0,095428
0,088722
0,088562
0,088024
0,111394
0,106008
0,097418
0,095257
0,086584
0,086717
0,09361
0,090483
0,098788
0,087104
0,088508
0,094877
0,084019
0,082661
0,0934
0,103242
0,08854
0,090558
0,087941
0,096196
0,095451
0,092851
0,089198
0,093791
0,094821
0,094444
0,098092
0,095144
0,096842
0,088333
0,092513
0,094845
0,085454
0,091254
0,107775
0,091521
0,107906
0,105513
0,093569
0,083517
0,088329
0,09685
0,094307
0,093448
0,094894
0,083559
0,085356
0,0843
0,087078
0,111026
0,098814
0,088336
0,081382
0,095659
0,097121
0,086451
0,093921
0,086428
0,087007
0,090399
0,099652
0,097634
0,091283
0,091673
0,10262
0,089113
0,103688
0,098578
0,078143
0,092587
0,09826
0,081315
0,079798
0,111628
0,112394
0,103471
0,10848
0,111234
0,107516
0,106892
0,101253
0,121901
0,10214
0,105431
0,087486
0,091272
0,091787
0,088074
0,096168
0,088008
0,092975
0,11591
0,090939
0,099781
0,11473
0,091162
0,086486
0,093699
0,080591
0,105428
0,09007
0,092918
0,095668
0,091422
0,094956
0,098237
0,103084
0,096307
0,08805
0,085133
0,092728
0,079152
0,080423
0,093826
0,129655
0,128295
0,091459
0,077608
0,082593
0,099558
0,10598
0,08321
0,098143
0,093656
0,10037
0,103643
0,104555
0,101413
0,095841
0,087033
0,103562
0,087198
0,083029
0,089054
0,085451
0,101301
0,082948
0,090785
0,094067
0,095632
0,10646
0,0972
0,089583
0,095588
0,087539
0,079639
0,07843
0,103486
0,083695
0,109094
0,096757
0,09091
0,09728
0,084146
0,086563
0,090324
0,092726
0,094816
0,079396
0,094339
0,086306
0,090133
0,101171
0,091365
0,10428
0,079933
0,093811
0,086303
0,083906
0,07979
0,093627
0,098008
0,082662
0,079402
0,077015
0,081819
0,081511
0,083353
0,090335
0,088993
0,083303
0,079336
0,075835
0,079736
0,093828
0,089335
0,094511
0,086117
0,084174
0,093046
0,099042
0,095181
0,085367
0,095583
0,095176
0,087716
0,087794
0,079695
0,091018
0,088016
0,088564
0,090032
0,084446
0,097725
0,083537
0,090184
0,084926
0,091307
0,086628
0,087258
0,08583
0,091862
0,093386
0,09377
0,09618
0,091445
0,086579
0,082313
0,085005
0,084158
0,088409
0,078225
0,085448
0,076258
0,078113
0,089009
0,081335
0,09032
0,094961
0,094045
0,090455
0,082392
0,093732
0,103088
0,114613
0,094115
0,086144
0,076902
0,099701
0,096448
0,094973
0,079228
0,085317
0,094646
0,087816
0,081997
0,090017
0,088073
0,083987
0,095549
0,08401
0,081915
0,081526
0,084211
0,116466
0,0917
0,087407
0,090454
0,082765
0,087452
0,088067
0,100338
0,089943
0,095982
0,098693
0,089748
0,090679
0,098138
0,087998
0,10961
0,086197
0,101127
0,082053
0,085167
0,095008
0,096798
0,090919
0,098741
0,083125
0,085462
0,08232
0,086673
0,08382
0,096664
0,082609
0,08233
0,094546
0,09096
0,086902
0,089547
0,088986
0,082182
0,083703
0,086882
0,080614
0,078046
0,086397
0,092694
0,092033
0,083945
0,081915
0,081084
0,088849
0,081391
0,085567
0,088593
0,078503
0,090559
0,078315
0,109833
0,127698
0,115767
0,109593
0,080018
0,08021
0,077013
0,104961
0,089856
0,079074
0,090764
0,100291
0,08612
0,094417
0,092692
0,082906
0,094719
0,099164
0,087459
0,08474
0,090793
0,079165
0,0827
0,093805
0,10681
0,102094
0,078096
0,084439
0,078857
0,090112
0,092589
0,083475
0,083097
0,08307
0,099195
0,092539
0,081845
0,080966
0,084867
0,082233
0,088892
0,090402
0,087602
0,084787
0,090934
0,084875
0,090699
0,091741
0,086533
0,094022
0,098035
0,082756
0,082751
0,090602
0,080383
0,096661
0,088044
0,081125
0,086323
0,091109
0,082805
0,081425
0,093257
0,085375
0,081008
0,082284
0,081993
0,081546
0,082172
0,088915
0,089489
0,093098
0,085516
0,082189
0,095163
0,084179
0,087492
0,081958
0,082212
0,082855
0,082415
0,085236
0,082577
0,090218
0,0878
0,082967
0,086621
0,085091
0,082951
0,100735
0,087769
0,088118
0,083225
0,085334
0,084557
0,082996
0,089017
0,093405
0,092886
0,084875
0,093469
0,091819
0,084355
0,084018
0,085355
0,076534
0,08358
0,090575
0,086296
0,093415
0,083749
0,094331
0,087717
0,080337
0,094589
0,090559
0,083291
0,106202
0,084616
0,091895
0,091017
0,084218
0,09135
0,097697
0,085495
0,079059
0,090771
0,083594
0,087142
0,082099
0,078673
0,113943
0,07658
0,087935
0,081264
0,090634
0,08772
0,093145
0,081972
0,090607
0,083418
0,080532
0,083931
0,094152
0,092843
0,101895
0,082909
0,081937
0,091649
0,086339
0,086399
0,085159
0,088305
0,083516
0,085125
0,081355
0,084125
0,095772
0,083146
0,092887
0,095597
0,079353
0,083597
0,084982
0,07665
0,082901
0,080644
0,092864
0,082399
0,09279
0,076313
0,098762
0,085701
0,086881
0,077505
0,09338
0,091438
0,085228
0,087473
0,087496
0,082562
0,105406
0,091822
0,095645
0,086004
0,099547
0,090685
0,093069
0,087672
0,092896
0,087564
0,087657
0,089453
0,080119
0,083257
0,096431
0,076571
0,093507
0,091133
0,089081
0,123111
0,092212
0,075387
0,095848
0,103666
0,082994
0,082115
0,08241
0,083269
0,081363
0,080677
0,084719
0,087176
0,092698
0,094046
0,081731
0,090799
0,086077
0,085449
0,073539
0,08059
0,092129
0,086729
0,076294
0,089642
0,08281
0,083799
0,078748
0,090298
0,094268
0,0838
0,08698
0,095307
0,094047
0,080315
0,086341
0,080313
0,087192
0,091636
0,08258
0,080869
0,087781
0,091251
0,078357
0,094445
0,084854
0,088788
0,085852
0,089336
0,09308
0,086225
0,087237
0,083074
0,094272
0,083269
0,091202
0,085023
0,07995
0,105206
0,086345
0,084116
0,086111
0,087567
0,083953
0,081898
0,087419
0,083208
0,09198
0,083603
0,090467
0,08352
0,089401
0,079708
0,079346
0,09893
0,085417
0,077418
0,092998
0,091029
0,088454
0,089744
0,084455
0,09394
0,083119
0,089581
0,093283
0,085226
0,091384
0,07696
0,110282
0,09452
0,081832
0,080681
0,082217
0,080732
0,075877
0,082687
0,082607
0,092201
0,085555
0,092231
0,09591
0,083466
0,08106
0,082376
0,086904
0,076744
0,081589
0,084522
0,075449
0,080356
0,084873
0,096322
0,088963
0,093144
0,07577
0,080908
0,090126
0,096491
0,09073
0,077918
0,084088
0,080331
0,095178
0,07768
0,082635
0,092164
0,098961
0,08355
0,07801
0,090702
0,109731
0,083723
0,089935
0,108506
0,089928
0,10323
0,116397
0,107196
0,099026
0,103781
0,110784
0,103816
0,10448
0,116496
0,115315
0,128581
0,12421
0,099699
0,097424
0,087221
0,084239
0,091795
0,096231
0,087527
0,09083
0,088889
0,084537
0,084042
0,094254
0,083577
0,09182
0,086954
0,094991
0,07865
0,096376
0,087317
0,105242
0,083359
0,077082
0,097458
0,097269
0,083351
0,086182
0,08062
0,09248
0,082565
0,088807
0,092009
0,087005
0,082373
0,087717
0,088347
0,102024
0,087009
0,089769
0,091181
0,097717
0,081166
0,083117
0,088982
0,08489
0,085449
0,079231
0,087292
0,092277
0,088752
0,087666
0,083452
0,081665
0,083757
0,08271
0,093428
0,092921
0,086891
0,090155
0,077259
0,085939
0,094548
0,083821
0,074091
0,081566
0,08614
0,092628
0,081133
0,094335
0,084863
0,081748
0,099443
0,102095
0,108702
0,106214
0,101812
0,090637
0,095266
0,109947
0,094889
0,098629
0,10115
0,104583
0,105728
0,089716
0,082998
0,113485
0,114871
0,096954
0,101333
0,086966
0,078517
0,085988
0,088074
0,08897
0,097178
0,101544
0,078146
0,094612
0,086788
0,096043
0,104509
0,096126
0,087786
0,107403
0,0865
0,11416
0,097387
0,08846
0,092984
0,082736
0,092072
0,092963
0,087876
0,100413
0,093072
0,086818
0,109165
0,094971
0,087848
0,079581
0,080081
0,091685
0,08831
0,089761
0,113622
0,089334
0,08191
0,087965
0,092447
0,084643
0,078587
0,078359
0,092596
0,093735
0,086756
0,090532
0,084543
0,083148
0,080628
0,078371
0,090826
0,101591
0,114449
0,092778
0,092332
0,093216
0,085814
0,088127
0,08564
0,088714
0,086734
0,088386
0,091646
0,096696
0,092692
0,088343
0,08644
0,086081
0,090668
0,092487
0,091955
0,091996
0,086993
0,088532
0,086874
0,090681
0,093001
0,101776
0,092648
0,085844
0,089828
0,091919
0,085468
0,08922
0,08606
0,088447
0,086737
0,105718
0,097471
0,094923
0,084359
0,083159
0,08047
0,081134
0,079865
0,076448
0,085731
0,083589
0,103052
0,099959
0,098991
0,094823
0,091313
0,093611
0,09154
0,090001
0,084624
0,080233
0,083479
0,089731
0,08905
0,07669
0,085956
0,0848
0,078757
0,078419
0,081273
0,094594
0,088328
0,082631
0,078892
0,081244
0,10163
0,085814
0,089862
0,094849
0,093822
0,092316
0,087187
0,094263
0,084713
0,088503
0,086455
0,100791
0,084819
0,097918
0,097408
0,092068
0,092613
0,093598
0,092703
0,087767
0,089057
0,08736
0,088855
0,086756
0,088111
0,099277
0,096068
0,113351
0,105823
0,105313
0,116239
0,07678
0,076866
0,109888
0,097178
0,096169
0,119068
0,109307
0,096064
0,089396
0,08775
0,083731
0,076374
0,082926
0,082029
0,076414
0,081192
0,090665
0,09204
0,085082
0,097434
0,086449
0,087963
0,091293
0,088858
0,092235
0,084805
0,087476
0,085474
0,087752
0,086572
0,087999
0,084582
0,110496
0,093128
0,081287
0,082097
0,083471
0,081743
0,082142
0,080533
0,079901
0,079428
0,080788
0,081428
0,083931
0,114751
0,096236
0,094045
0,086841
0,09886
0,098551
0,085014
0,128063
0,100748
0,129937
0,09476
0,093327
0,112345
0,095163
0,093587
0,170318
0,246001
0,145198
0,094427
0,125224
0,084996
0,096422
0,09774
0,099443
0,09108
0,094185
0,145473
0,135254
0,092242
0,145361
0,147475
0,11739
0,129604
0,104409
0,081832
0,096706
0,096322
0,094612
0,093749
0,092899
0,092753
0,089705
0,094826
0,093461
0,091646
0,093065
0,09249
0,080673
0,099984
0,078064
0,07971
0,089528
0,096233
0,083748
0,086282
0,092989
0,079054
0,095567
0,077154
0,080407
0,079715
0,081239
0,08239
0,08635
0,082017
0,083505
0,081591
0,086023
0,098219
0,077995
0,077112
0,078445
0,080325
0,085313
0,090457
0,075311
0,101249
0,087467
0,09297
0,086755
0,090816
0,081337
0,082151
0,092957
0,099901
0,076367
0,075096
0,078172
0,088723
0,089999
0,083013
0,095813
0,081598
0,074733
0,085891
0,0894
0,092245
0,087327
0,091349
0,100635
0,082845
0,07999
0,079257
0,100703
0,078652
0,081072
0,096604
0,071491
0,090529
0,086227
0,077183
0,076735
0,084636
0,098225
0,077614
0,080334
0,099897
0,081168
0,121205
0,08418
0,094472
0,09634
0,080483
0,088766
0,082096
0,084137
0,088699
0,080542
0,075423
0,087852
0,088976
0,080783
0,096676
0,091567
0,077606
0,08787
0,086145
0,092226
0,07887
0,074163
0,08571
0,082492
0,075659
0,099592
0,077712
0,075335
0,099035
0,084421
0,096428
0,078601
0,080691
0,096585
0,092757
0,085502
0,092063
0,093038
0,094427
0,083519
0,07483
0,102721
0,096599
0,089012
0,097089
0,091199
0,080532
0,090922
0,089201
0,096137
0,073201
0,077909
0,093018
0,078327
0,081515
0,081541
0,078272
0,087734
0,087075
0,076473
0,100112
0,090948
0,092772
0,072429
0,092856
0,081471
0,07461
0,089465
0,09141
0,08082
0,084911
0,081733
0,087604
0,076972
0,07684
0,092225
0,089434
0,080591
0,084128
0,094671
0,076431
0,08013
0,089745
0,081885
0,073319
0,082746
0,090248
0,078586
0,088345
0,093219
0,084493
0,074728
0,085736
0,080735
0,096814
0,088277
0,07984
0,087297
0,092353
0,091857
0,0889
0,077452
0,075377
0,085984
0,080365
0,090868
0,09697
0,082433
0,087556
0,091371
0,090661
0,085343
0,079304
0,089785
0,082842
0,096657
0,083306
0,074988
0,085817
0,083241
0,08252
0,08206
0,076168
0,105185
0,077083
0,079669
0,095458
0,084679
0,078121
0,080386
0,08019
0,091822
0,098895
0,09557
0,075882
0,084472
0,077483
0,08859
0,083758
0,089723
0,083021
0,074345
0,077283
0,089204
0,091786
0,083076
0,086513
0,078114
0,090449
0,08254
0,092444
0,073811
0,079449
0,084154
0,074822
0,094656
0,077227
0,082031
0,078572
0,084423
0,102022
0,082289
0,082761
0,082112
0,089192
0,087335
0,074919
0,080293
0,077472
0,0834
0,088633
0,090642
0,084898
0,075103
0,08127
0,081454
0,085878
0,101154
0,077337
0,094564
0,086585
0,081007
0,100704
0,078732
0,084045
0,09852
0,097958
0,086265
0,082148
0,077315
0,080202
0,086749
0,076097
0,076484
0,100337
0,093935
0,079607
0,088107
0,087178
0,07478
0,084024
0,080641
0,075258
0,091886
0,084538
0,110762
0,086859
0,086127
0,080612
0,097477
0,081848
0,079936
0,078491
0,088033
0,074148
0,089795
0,087522
0,104992
0,08806
0,090885
0,074161
0,082556
0,08057
0,081451
0,098559
0,073322
0,087409
0,095568
0,088155
0,094789
0,090986
0,074016
0,097095
0,091644
0,089242
0,081147
0,081455
0,095953
0,079615
0,074953
0,103937
0,098355
0,100688
0,077748
0,082407
0,106156
0,097283
0,089819
0,135846
0,072629
0,08975
0,090463
0,082144
0,085949
0,077321
0,077076
0,08998
0,079081
0,078943
0,088992
0,097957
0,077015
0,076315
0,112689
0,077493
0,088886
0,081688
0,088122
0,083252
0,082417
0,081089
0,090057
0,092563
0,096251
0,191066
0,15832
0,12975
0,149271
0,120955
0,121642
0,113368
0,123295
0,106325
0,196163
0,149437
0,148536
0,135617
0,099759
0,103165
0,101239
0,125103
0,095631
0,093845
0,096832
0,09382
0,093703
0,088757
0,090146
0,092946
0,089527
0,0836
0,093498
0,120298
0,115424
0,094414
0,088829
0,091038
0,09504
0,095317
0,094149
0,092729
0,094141
0,093478
0,113418
0,102179
0,101097
0,100093
0,098306
0,095649
0,092367
0,091155
0,093205
0,093381
0,094135
0,111356
0,110465
0,111689
0,110905
0,091451
0,128631
0,101521
0,105597
0,096984
0,111356
0,116875
0,130286
0,089847
0,200478
0,153299
0,163718
4,320558
0,333323
0,169459
0,104609
0,097592
0,096272
0,094753
0,147917
0,160836
0,1462
0,178175
0,149174
0,144872
0,147145
0,587207
0,097662
0,089722
0,110292
0,102039
0,102558
0,106878
0,106222
0,112686
0,121126
0,151815
0,149889
0,149053
0,142435
0,12856
0,094464
0,089154
0,08313
0,093037
0,083849
0,122841
0,104593
0,092647
0,103286
0,092949
0,096555
0,095947
0,096048
0,096223
0,095929
0,103273
0,148854
0,163246
0,155523
0,473344
0,270612
0,157207
0,187841
0,153803
0,173225
0,206091
0,321367
0,142119
0,136422
0,139966
0,138381
0,139872
0,271067
0,143414
0,141965
0,141916
0,154956
0,142386
0,142398
0,247488
0,124145
0,103006
0,099068
0,097218
0,09439
0,107445
0,087107
0,078903
0,103704
0,107131
0,099533
0,09627
0,085241
0,078664
0,076472
0,076371
0,076816
0,076928
0,076893
0,077137
0,102675
0,096155
0,097349
0,084561
0,076313
0,076673
0,075101
0,0896
0,082162
0,073986
0,075288
0,076255
0,077185
0,103722
0,106524
0,099425
0,100544
0,109588
0,099385
0,097734
0,093691
0,087189
0,124157
0,097798
0,086729
0,101366
0,105992
0,097351
0,092705
0,100112
0,187485
0,178669
0,215299
0,295619
0,088661
0,094758
0,087938
0,108703
0,110046
0,094768
0,101247
0,093053
0,092664
0,153757
0,150518
0,143173
0,140462
0,139005
0,169514
0,137464
0,125077
0,213374
0,133465
0,142733
0,148798
0,13816
0,129505
0,149205
0,120604
0,094425
0,210629
0,141186
0,624914
0,117654
0,139292
0,085863
0,118595
0,10152
0,103255
0,16712
0,148634
0,102871
0,102523
0,145897
0,120462
0,122952
0,10681
0,111911
0,097045
0,103767
0,098663
0,099077
0,097538
0,097319
0,123017
0,098557
0,09834
0,099473
0,091575
0,091656
0,096969
0,095858
0,097184
0,092012
0,086036
0,178969
0,163309
0,65135
0,305849
0,194723
0,165168
0,142726
0,156813
0,153424
0,179973
0,112936
0,102056
0,124114
0,112039
0,10148
0,109416
0,103052
0,158224
0,123371
0,159648
0,103196
0,097749
0,146171
0,126314
0,088234
0,079287
0,074776
0,073935
0,076429
0,077529
0,091087
0,129179
0,145013
0,149909
0,519432
0,102475
0,094334
0,091825
0,134994
0,09622
0,10678
0,106139
0,114784
0,103377
0,145229
0,116401
0,106863
0,142178
0,10415
0,099401
0,097593
0,08421
0,089799
0,091905
0,092789
0,092104
0,092441
0,116783
0,100651
0,147003
0,117175
0,092444
0,096137
0,095951
0,09599
0,094747
0,095457
0,117032
0,112321
0,10915
0,27788
0,130114
0,168916
0,15091
0,145718
0,199496
0,197743
0,116226
0,092874
0,098613
0,091821
0,0797
0,140018
0,136803
0,110891
0,25483
0,159903
0,157175
0,090412
0,09333
0,095014
0,080924
0,074713
0,091699
0,111926
0,155365
0,090765
0,108478
0,087617
0,081767
0,071805
0,564708
0,150416
0,13546
0,135688
0,135248
0,959631
0,160877
0,124375
0,141522
0,200331
0,138814
0,135222
0,133734
0,141304
0,146219
0,138906
0,285177
0,153709
0,154005
0,155103
0,147198
0,115337
0,094725
0,101614
0,094922
0,110183
0,167149
0,159408
0,187202
0,213484
0,287335
0,113524
0,106033
0,102606
0,096301
0,094453
0,088028
0,153723
0,120578
0,10373
0,166298
0,109655
0,119822
0,153686
0,119457
0,098786
0,098955
0,093151
0,093606
0,080777
0,074039
0,073658
0,086455
0,113331
0,097593
0,092076
0,09245
0,093574
0,094199
0,09189
0,086013
0,089883
0,085948
0,101221
0,097654
0,110272
0,119098
0,101748
0,093401
0,089226
0,090839
0,122332
0,075526
0,074206
0,080349
0,078552
0,144423
0,112024
0,096513
0,101761
0,096767
0,093268
0,078877
0,096498
0,149832
0,157467
1,352711
0,153966
0,113348
0,109665
0,113112
0,141741
0,197826
0,138842
0,454896
0,229693
0,639292
0,223365
0,124525
0,131547
0,190715
0,153594
0,127286
0,187364
0,101134
0,097864
0,10617
0,138331
0,133527
0,108762
0,116
0,126191
0,164368
0,095603
0,115762
0,081792
0,080359
0,092632
0,166465
0,138718
0,13177
0,251247
0,15866
0,141331
0,157958
0,159187
0,158541
0,16389
0,111795
0,084426
0,072379
0,072507
0,071165
0,071083
0,071928
0,071964
0,073251
0,070993
0,07153
0,071193
0,07311
0,150197
0,081792
0,075224
0,074933
0,074986
0,073369
0,074381
0,073213
0,074248
0,073751
0,07426
0,113286
0,140289
0,189114
0,128214
0,111115
0,096853
0,171104
0,198615
0,172176
0,109296
0,135579
0,102239
0,146864
0,105031
0,120642
0,165417
0,138618
0,112467
0,119265
0,091208
0,100545
0,099592
0,099105
0,085493
0,087375
0,092647
0,08449
0,083082
0,086812
0,099742
0,100029
0,098104
0,096986
0,08811
0,090235
0,100306
0,09727
0,099318
0,100741
0,086256
0,09309
0,100726
0,095657
0,088219
0,115149
0,094634
0,131629
0,094075
0,095751
0,09101
0,090355
0,143982
0,173009
0,693539
0,231612
0,154635
0,259838
0,236681
0,204665
0,10153
0,094963
0,121303
0,100904
0,096066
0,097144
0,101139
0,108501
0,099947
0,105313
0,104352
0,097286
0,088902
0,105865
0,143756
0,098599
0,099029
0,095798
0,0975
0,099105
0,103338
0,13778
0,11963
0,174819
0,182473
0,180978
0,213591
0,209317
0,181985
0,176289
0,247148
0,206337
0,14701
0,182011
0,41069
0,209368
0,11778
0,099915
0,10015
0,103734
0,142857
0,112449
0,179065
0,184649
0,196533
0,412378
0,240531
0,343546
0,153572
0,108911
0,103319
0,118118
0,116905
0,120758
0,104583
0,200095
0,117926
0,104726
0,09494
0,119733
0,089954
0,095164
0,097027
0,09422
0,093131
0,136239
0,102656
0,107795
0,10212
0,098355
0,103226
0,100545
0,097438
0,091586
0,097451
0,122528
0,106135
0,147832
0,098376
0,105676
0,089164
0,093416
0,084639
0,086113
0,086911
0,094393
0,096281
0,099615
0,100407
0,087112
0,136126
0,105636
0,088901
0,102414
0,092264
0,096573
0,110478
0,095136
0,096204
0,098378
0,097763
0,100186
0,096966
0,095193
0,118711
0,145726
0,110687
0,098864
0,097287
0,102326
0,101455
0,165004
0,163813
0,230416
0,19407
0,236177
0,096382
0,098231
0,103619
0,102482
0,088274
0,1649
0,096687
0,092046
0,094774
0,096023
0,095094
0,105368
0,099575
0,107871
0,10597
0,149193
0,113708
0,122439
0,103626
0,101833
0,120033
0,101984
0,086343
0,101359
0,107184
0,14117
0,097737
0,165994
0,107219
0,117101
0,092005
0,096935
0,108454
0,096705
0,181669
0,179845
0,212243
0,188044
0,232976
0,1036
0,121416
0,098525
0,112387
0,174006
0,121196
0,149173
0,110891
0,096184
0,098828
0,103417
0,098069
0,085606
0,090437
0,128477
0,093364
0,093368
0,101415
0,095848
0,093637
0,09337
0,088839
0,094225
0,095139
0,127292
0,102273
0,094834
0,094395
0,094821
0,095262
0,094559
0,087082
0,091819
0,084433
0,095573
0,135286
0,092357
0,095763
0,097622
0,096824
0,096421
0,110229
0,095235
0,09296
0,095431
0,135941
0,095827
0,097113
0,087952
0,09773
0,095184
0,092758
0,104678
0,088321
0,141046
0,144189
0,094498
0,095677
0,101036
0,102228
0,092883
0,103778
0,094107
0,094424
0,095997
0,122829
0,109303
0,121412
0,092499
0,096154
0,101989
0,099908
0,088004
0,09389
0,094276
0,167136
0,106478
0,200609
0,180732
0,13669
0,112776
0,132312
0,208005
0,122866
0,133439
0,091213
0,086441
0,122734
0,094116
0,093108
0,096297
0,098389
0,088474
0,126764
0,098816
0,095211
0,093516
0,095112
0,14578
0,16094
0,163177
0,19448
0,311955
0,174279
0,100068
0,195235
0,169682
0,210516
0,351696
0,202883
0,091084
0,082345
0,088865
0,088029
0,081073
0,080557
0,081799
0,083489
0,163219
0,112153
0,091295
0,099762
0,094855
0,09443
0,09258
0,100007
0,110338
0,122266
0,101279
0,098587
0,13557
0,09412
0,099208
0,096521
0,106961
0,105568
0,122538
0,101597
0,114817
0,175809
0,115309
0,114013
0,11183
0,086871
0,094625
0,093884
0,095827
0,089726
0,096495
0,151511
0,095605
0,097803
0,100962
0,099097
0,093606
0,096666
0,099346
0,093238
0,111171
0,102979
0,25749
0,105815
0,120178
0,104277
0,175575
0,151408
0,090365
0,10401
0,090836
0,084782
0,088791
0,084608
0,084669
0,090839
0,110296
0,098319
0,094883
0,094728
0,11575
0,089562
0,090274
0,082127
0,090995
0,083574
0,086985
0,089449
0,085725
0,091712
0,103397
0,0976
0,097302
0,098911
0,136813
0,097081
0,09343
0,104201
0,097952
0,099542
0,096937
0,093572
0,094515
0,095216
0,249826
0,184225
1,208364
0,314057
0,563302
0,133574
0,28351
0,112328
0,109927
0,103436
0,096697
0,086702
0,138949
0,112672
0,16478
0,165455
0,164394
0,165494
0,284528
0,244441
0,131886
0,095159
0,097018
0,097528
0,100517
0,12037
0,150379
0,166698
0,095051
0,098139
0,101657
0,108645
0,098999
0,095257
0,094515
0,095989
0,094973
0,136901
0,096923
0,087115
0,085357
0,089423
0,098289
0,110754
0,114447
0,121052
0,127691
0,105799
0,135528
0,111329
0,120813
0,092147
0,114373
0,122011
0,083107
0,091727
0,096715
0,123223
0,107592
0,099601
0,09964
0,13306
0,09647
0,097575
0,095835
0,095453
0,094451
0,11243
0,101101
0,086559
0,096795
0,095433
0,095224
0,094678
0,094721
0,099579
0,098183
0,095327
0,110747
0,097592
0,086978
0,096148
0,100317
0,08868
0,095525
0,095161
0,097175
0,097171
0,118258
0,102296
0,094328
0,095836
0,152176
0,10406
0,084699
0,094696
0,095849
0,084384
0,096566
0,095628
0,094308
0,097008
0,09656
0,091409
0,102192
0,090148
0,092241
0,098102
0,099718
0,102773
0,092336
0,085105
0,091446
0,095907
0,086571
0,097334
0,095009
0,095773
0,094926
0,127647
0,123294
0,111197
0,108439
0,100402
0,107833
0,089947
0,10497
0,08364
0,105332
0,091387
0,10291
0,089672
0,091347
0,096116
0,096698
0,094931
0,095053
0,093594
0,094126
0,095025
0,12599
0,092691
0,091331
0,085264
0,096286
0,093207
0,102551
0,092103
0,098629
0,100282
0,111697
0,135581
0,106988
0,12546
0,128082
0,115768
0,10346
0,098622
0,093995
0,097507
0,123367
0,098418
0,097831
0,096555
0,097704
0,095826
0,124046
0,100485
0,101457
0,098106
0,130919
0,094319
0,097166
0,08767
0,097202
0,097233
0,101189
0,101035
0,091256
0,092787
0,140219
0,087325
0,087358
0,105199
0,096801
0,088957
0,097211
0,09897
0,097983
0,09869
0,144206
0,10465
0,091594
0,08657
0,097344
0,098675
0,085846
0,098601
0,092913
0,11542
0,097109
0,106034
0,096093
0,096945
0,086271
0,086285
0,098784
0,091335
0,088006
0,097658
0,09368
0,093721
0,095419
0,093274
0,109019
0,092149
0,099098
0,090353
0,091348
0,10088
0,094749
0,085609
0,094933
0,094663
0,120489
0,09755
0,096263
0,095074
0,095505
0,094133
0,095743
0,094034
0,144562
0,09463
0,146403
0,103905
0,089507
0,096346
0,086724
0,097158
0,090797
0,108849
0,091855
0,10176
0,155843
0,122107
0,104095
0,097663
0,094554
0,096225
0,097245
0,092648
0,088009
0,093118
0,097042
0,089736
0,087325
0,091138
0,093951
0,091926
0,091834
0,089672
0,102949
0,093632
0,09135
0,113194
0,101274
0,091693
0,098329
0,100582
0,096203
0,097669
0,097139
0,11513
0,102148
0,117975
0,098139
0,098099
0,099402
0,112139
0,123554
0,144399
0,191261
0,208359
0,127463
0,151023
0,108066
0,109363
0,184663
0,157084
0,10493
0,091358
0,084208
0,093864
0,117179
0,0989
0,095741
0,091091
0,103084
0,085542
0,094048
0,093046
0,093194
0,09604
0,10377
0,093344
0,092169
0,094868
0,092838
0,11673
0,087751
0,094478
0,093326
0,091854
0,09793
0,104083
0,161993
0,106874
0,104572
0,096775
0,099428
0,096779
0,085471
0,092973
0,103577
0,096303
0,093208
0,100157
0,093441
0,106421
0,094698
0,094402
0,092426
0,095489
0,093916
0,119632
0,102427
0,093642
0,098459
0,086028
0,09609
0,095786
0,09859
0,097416
0,102034
0,113672
0,095728
0,116027
0,104729
0,102579
0,09974
0,100137
0,102238
0,110599
0,097463
0,1537
0,095856
0,101463
0,099583
0,099699
0,114266
0,101612
0,094436
0,089762
0,125464
0,101452
0,099231
0,089229
0,098444
0,105382
0,103087
0,099196
0,09175
0,100526
0,101201
0,115415
0,106446
0,095023
0,092413
0,092283
0,091847
0,09093
0,091445
0,099962
0,228635
1,730991
0,22392
0,118226
0,184394
0,169893
0,141768
0,096842
0,098706
0,100831
0,095049
0,097104
0,094336
0,09743
0,100411
0,103407
0,129985
0,102527
0,09362
0,135976
0,166932
0,144122
0,179541
0,122491
0,222181
0,177583
0,312034
0,340774
0,141599
0,10208
0,204488
0,153133
0,114027
0,095821
0,095195
0,153177
0,180282
0,167144
0,16172
0,102386
0,095166
0,101368
0,101652
0,106481
0,098873
0,097611
0,125246
0,108917
0,105645
0,097508
0,099873
0,097455
0,097656
0,097231
0,099096
0,093191
0,221856
0,225621
0,11518
0,151349
0,121914
0,153374
0,151627
0,486989
1,325979
0,437115
0,110361
0,101509
0,210401
0,152057
0,1071
0,136626
0,140747
0,10651
0,176083
0,101666
0,102684
0,125893
0,140194
0,48614
0,159681
0,105243
0,133408
0,09528
0,102926
0,098832
0,0982
0,095704
0,092589
0,094819
0,095137
0,100076
0,102227
0,104973
0,089898
0,092943
0,098576
0,095011
0,096051
0,09522
0,0968
0,096283
0,095845
0,131978
0,117804
0,084337
0,096934
0,090505
0,09576
0,095069
0,095796
0,098867
0,118924
0,16271
0,566406
0,273355
0,172473
0,281014
0,222108
0,223206
0,220058
0,189394
0,238879
0,187501
0,373921
0,10143
0,088743
0,10446
0,135794
0,101971
0,090009
0,097934
0,099003
0,084846
0,097177
0,097075
0,083502
0,094734
0,139492
0,162484
0,16069
0,207195
0,325157
0,101169
0,144944
0,218612
0,171588
0,114234
0,11382
0,126525
0,10072
0,093008
0,103302
0,091692
0,116604
0,092121
0,087846
0,095257
0,135156
0,16681
0,164065
0,134107
0,189088
0,216285
0,218039
0,116804
0,118738
0,084766
0,089674
0,102795
0,099799
0,096312
0,096887
0,101022
0,102665
0,100691
0,085848
0,094969
0,093955
0,094809
0,094268
0,094193
0,093997
0,093516
0,160003
0,115309
0,221808
0,097705
0,09743
0,121673
0,091356
0,092101
0,115186
0,141302
0,092262
0,099278
0,096203
0,093529
0,094614
0,097082
0,089004
0,093311
0,095988
0,094382
0,110472
0,154052
0,0956
0,094031
0,104827
0,093994
0,099845
0,106451
0,097886
0,095978
0,09229
0,128687
0,09473
0,106074
0,097312
0,098852
0,130704
0,088576
0,154831
0,213228
0,148156
0,157042
0,151483
0,13759
0,09418
0,12821
0,134882
0,120303
0,110839
0,095908
0,095491
0,095308
0,086114
0,09369
0,110449
0,158328
0,158784
0,300171
0,218651
0,102812
0,104728
0,092281
0,110262
0,099538
0,174467
0,099465
0,091441
0,144893
0,10542
0,092443
0,096383
0,08936
0,094471
0,09581
0,108124
0,105142
0,120766
0,1157
0,093674
0,097106
0,094712
0,090315
0,096356
0,097867
0,111787
0,096024
0,09028
0,095716
0,09599
0,095097
0,10838
0,10211
0,095081
0,09833
0,133841
0,095054
0,095182
0,098664
0,095584
0,097592
0,095818
0,104548
0,130317
0,098538
0,092393
0,096411
0,086528
0,082972
0,101116
0,093538
0,112628
0,094505
0,094001
0,09672
0,133512
0,155594
0,13694
0,101192
0,101211
0,154297
0,157914
0,195687
0,138208
0,095239
0,099021
0,158482
0,089461
0,094553
0,101287
0,10208
0,163862
0,159542
0,158338
0,157043
0,242055
0,195966
0,184776
0,150398
0,105114
0,103025
0,10642
0,099213
0,162886
0,108367
0,093606
0,137331
0,089998
0,098633
0,09988
0,112283
0,097499
0,142829
0,100037
0,096511
0,098197
0,100015
0,103241
0,10089
0,09707
0,10492
0,093563
0,129526
0,09977
0,099845
0,099424
0,514581
0,384355
0,113173
0,104467
0,093928
0,09453
0,105687
0,116838
0,099895
0,115065
0,150575
0,128384
0,112093
0,115053
0,099549
0,091106
0,116275
0,097766
0,094897
0,101648
0,095513
0,090623
0,107454
0,089217
0,087299
0,103122
0,101693
0,088208
0,091762
0,086074
0,090266
0,095302
0,092669
0,090607
0,08569
0,093231
0,097325
0,097825
0,097764
0,097694
0,096679
0,091165
0,09734
0,098493
0,096994
0,095913
0,089045
0,092433
0,109059
0,152607
0,11603
0,224208
0,143426
0,170456
0,159609
0,096934
0,091609
0,088723
0,097075
0,089662
0,164195
0,158827
0,159364
0,156739
0,157394
0,160205
0,213044
0,175971
0,162722
0,102003
0,104278
0,100342
0,094788
0,106228
0,100556
0,087258
0,099093
0,099685
0,162504
0,171173
0,16305
0,159497
0,215487
0,172252
0,103442
0,116433
0,100709
0,090658
0,108334
0,095951
0,097471
0,089599
0,098462
0,094347
0,096693
0,09469
0,096658
0,112484
0,170749
0,163725
0,200034
0,169423
0,223603
0,122367
0,139169
0,109858
0,098018
0,103158
0,110656
0,094927
0,087671
0,099865
0,104469
0,102876
0,094694
0,097906
0,118017
0,094727
0,115535
0,099505
0,103049
0,08889
0,10283
0,096587
0,100869
0,107573
0,113305
0,100272
0,095284
0,090276
0,095198
0,090762
0,092196
0,093477
0,094722
0,088489
0,119577
0,100085
0,09772
0,103294
0,08531
0,082595
0,095573
0,092485
0,096818
0,098054
0,096198
0,127258
0,090833
0,097071
0,097133
0,09625
0,124135
0,093211
0,098409
0,097835
0,098212
0,159565
0,162815
0,096191
0,09559
0,09283
0,09948
0,093406
0,099815
0,096991
0,098401
0,09275
0,108138
0,09782
0,096811
0,085264
0,089934
0,097409
0,121771
0,161358
0,199029
0,23552
0,169729
0,087591
0,089376
0,086458
0,111276
0,086955
0,099384
0,108631
0,141951
0,100458
0,102455
0,101219
0,093108
0,093667
0,10681
0,097045
0,104262
0,089826
0,146603
0,09658
0,096465
0,095929
0,095758
0,096445
0,095399
0,096007
0,096537
0,095465
0,221759
0,148129
0,101628
0,111413
0,109078
0,103145
0,094606
0,095795
0,096835
0,102074
0,109173
0,153604
0,153179
0,154121
0,167544
0,203122
0,187376
0,115648
0,123461
0,088619
0,095164
0,095409
0,094714
0,096317
0,094221
0,094597
0,0944
0,093936
0,095664
0,126069
0,085296
0,091982
0,099714
0,086697
0,093582
0,09476
0,093733
0,093564
0,096598
0,095987
0,091502
0,094838
0,09397
0,093287
0,095494
0,093952
0,115955
0,105025
0,086331
0,092121
0,132472
0,093775
0,092951
0,092963
0,09347
0,094076
0,093453
0,095039
0,095374
0,102098
0,09677
0,126667
0,09615
0,101583
0,102274
0,100423
0,103963
0,099567
0,093459
0,09929
0,102891
0,111211
0,129159
0,094911
0,09114
0,099587
0,102834
0,097645
0,097522
0,093452
0,101627
0,103622
0,12534
0,105068
0,102359
0,099443
0,126566
0,169647
0,175034
0,110215
0,100169
0,139761
0,09951
0,124386
0,120497
0,104615
0,110935
0,097601
0,099982
0,111359
0,140355
0,10455
0,092629
0,090957
0,095398
0,094437
0,09308
0,095414
0,092116
0,093527
0,112555
0,081473
0,096958
0,085716
0,083776
0,084176
0,083406
0,103983
0,096635
0,099564
0,095466
0,101314
0,093538
0,094715
0,096461
0,095136
0,094586
0,094892
0,093781
0,094744
0,09388
0,093168
0,137018
0,096046
0,096105
0,094486
0,094811
0,094986
0,093973
0,094705
0,09434
0,093708
0,120433
0,113234
0,112364
0,090333
0,098069
0,086644
0,092592
0,093587
0,094086
0,092595
0,097087
0,105214
0,106817
0,090671
0,090216
0,087559
0,088458
0,083676
0,084398
0,086003
0,089486
0,085518
0,167078
0,190975
0,175314
0,156957
0,14626
0,147135
0,181196
0,2367
0,163634
0,108409
0,109262
0,098084
0,094823
0,098612
0,127015
0,098498
0,104715
0,233976
0,133648
0,095047
0,086887
0,097784
0,097538
0,096656
0,096339
0,108698
0,095694
0,142013
0,092303
0,097786
0,095599
0,097676
0,095461
0,096093
0,09504
0,12748
0,168235
0,126942
0,097755
0,098289
0,09388
0,094838
0,093783
0,094696
0,093382
0,095766
0,093669
0,099325
0,088042
0,098288
0,091643
0,093197
0,160299
0,161605
0,238702
0,178869
0,143667
0,096956
0,096883
0,109023
0,09681
0,105877
0,094458
0,116565
0,096993
0,111516
0,175925
0,144807
0,099163
0,111546
0,096351
0,098699
0,096995
0,096859
0,096034
0,105197
0,116949
0,139444
0,097547
0,096884
0,095994
0,096493
0,098008
0,098124
0,09773
0,097472
0,095828
0,136397
0,095979
0,096026
0,097195
0,09526
0,08828
0,090391
0,09137
0,09205
0,082716
0,154876
0,093782
0,096328
0,096331
0,095303
0,09643
0,094509
0,094501
0,095882
0,094878
0,213587
0,161949
0,158648
0,175073
0,096462
0,097237
0,100781
0,113801
0,142559
0,108579
0,104375
0,109705
0,098502
0,097659
0,105207
0,085942
0,117807
0,099884
0,094744
0,092751
0,106526
0,202072
0,193169
0,11143
0,100787
0,090923
0,100832
0,097792
0,090842
0,177502
0,12364
0,176974
0,167023
0,175526
0,158901
0,157378
0,269654
0,161356
0,128626
0,168921
0,109896
0,090637
0,096994
0,097174
0,096793
0,158672
0,146687
0,090891
0,091685
0,085987
0,096457
0,096472
0,177823
0,230351
0,162274
0,126081
0,098596
0,103361
0,104022
0,098527
0,098816
0,091921
0,098407
0,140352
0,115101
0,096916
0,088766
0,101738
0,096637
0,101818
0,092243
0,092941
0,094493
0,107308
0,088932
0,088765
0,092477
0,089672
0,08969
0,093185
0,09791
0,088709
0,09283
0,09391
0,097591
0,108079
0,092377
0,093841
0,092815
0,092959
0,092913
0,093718
0,093433
0,107767
0,088556
0,191044
0,100009
0,093257
0,100922
0,102479
0,147997
0,1495
0,148904
0,149331
0,130354
0,123603
0,092424
0,094862
0,08669
0,093043
0,094866
0,092979
0,093213
0,091033
0,092242
0,091578
0,087702
0,092397
0,095947
0,10327
0,095311
0,092299
0,092622
0,088933
0,095399
0,089529
0,093696
0,095036
0,095359
0,121294
0,097025
0,093642
0,142069
0,161941
0,166054
0,186823
0,276638
0,094779
0,089625
0,103469
0,09889
0,113306
0,095346
0,098034
0,112077
0,099741
0,10193
0,107758
0,137004
0,09217
0,090438
0,093641
0,094197
0,090093
0,09182
0,096187
0,092252
0,08699
0,091699
0,098297
0,080322
0,080069
0,09321
0,101636
0,090491
0,098368
0,086985
0,096986
0,085507
0,094232
0,091482
0,083389
0,102353
0,092521
0,104088
0,094667
0,108244
0,098667
0,160383
0,163132
0,243608
0,201023
0,162968
0,103923
0,103692
0,091589
0,092928
0,089768
0,098626
0,112874
0,104669
0,088907
0,086649
0,095721
0,094952
0,083522
0,088906
0,094751
0,094607
0,094149
0,164672
0,112872
0,097516
0,099674
0,096177
0,096722
0,094217
0,110103
0,122293
0,111177
0,086896
0,094265
0,228373
0,08718
0,092388
0,091606
0,087458
0,096505
0,08802
0,09181
0,163103
0,1551
0,153938
0,116491
0,09121
0,095062
0,089133
0,098026
0,098371
0,085358
0,08425
0,093541
0,101972
0,097702
0,104134
0,094538
0,090403
0,098519
0,102258
0,089761
0,10041
0,086192
0,096791
0,095813
0,094501
0,093222
0,091557
0,128593
0,090574
0,094433
0,107872
0,090752
0,087531
0,094313
0,095283
0,089815
0,094219
0,123426
0,087383
0,092569
0,094628
0,093027
0,092552
0,092467
0,093954
0,093347
0,095458
0,098313
0,089122
0,09401
0,094961
0,094546
0,09505
0,089834
0,112568
0,091624
0,094079
0,094959
0,197643
0,096249
0,096284
0,094775
0,094447
0,095697
0,095296
0,093754
0,093936
0,142404
0,091562
0,106398
0,096604
0,094816
0,093315
0,095006
0,100073
0,088779
0,093989
0,09612
0,098193
0,091806
0,084815
0,080749
0,109478
0,094586
0,099842
0,091698
0,095381
0,095166
0,093238
0,092664
0,093076
0,124356
0,085949
0,100778
0,086977
0,103106
0,096585
0,1117
0,090816
0,08234
0,079864
0,099763
0,101041
0,105086
0,094589
0,089312
0,086554
0,096438
0,094223
0,090584
0,087256
0,093843
0,09258
0,094319
0,094232
0,120977
0,13585
0,097742
0,098208
0,094659
0,087422
0,095824
0,094103
0,094424
0,092928
0,123257
0,091738
0,094522
0,092893
0,092319
0,090708
0,092669
0,099131
0,091418
0,0825
0,09156
0,091631
0,112878
0,092597
0,099428
0,086055
0,091464
0,093931
0,091478
0,092881
0,094161
0,091666
0,092738
0,102007
0,087075
0,08919
0,091648
0,09278
0,092287
0,091516
0,091769
0,08572
0,09222
0,093225
0,10959
0,088314
0,095319
0,094929
0,096335
0,093862
0,095242
0,094166
0,106709
0,091151
0,107634
0,095638
0,089408
0,093567
0,094907
0,093831
0,095272
0,109208
0,087414
0,093599
0,119636
0,096589
0,095517
0,093538
0,093537
0,093119
0,094167
0,104241
0,094803
0,094708
0,103853
0,106113
0,094249
0,085834
0,097427
0,095812
0,099221
0,095383
0,095207
0,096612
0,088896
0,095049
0,125174
0,088884
0,094091
0,098813
0,095341
0,094283
0,097706
0,095121
0,09321
0,094468
0,09742
0,107224
0,098964
0,08817
0,094948
0,093565
0,095941
0,094285
0,094853
0,079798
0,074869
0,073816
0,078131
0,073831
0,09863
0,076661
0,073918
0,077846
0,072371
0,076933
0,071617
0,077707
0,073621
0,079836
0,073775
0,076984
0,072388
0,116308
0,08218
0,07364
0,078706
0,073124
0,072405
0,072662
0,077515
0,07329
0,077259
0,071696
0,078892
0,073866
0,071462
0,07853
0,072074
0,114849
0,073439
0,072383
0,072175
0,071322
0,071361
0,071773
0,07076
0,073675
0,137942
0,097214
0,239306
0,106429
0,091269
0,097994
0,098961
0,136436
0,132314
0,132436
0,132043
0,130149
0,352379
0,127321
0,136497
0,136194
0,136423
0,133546
0,134298
0,136026
0,348915
0,114423
0,084185
0,111698
0,107841
0,167683
0,133471
0,116566
0,1298
0,121106
0,107804
0,089705
0,092532
0,228488
0,163248
0,156471
0,202178
0,106059
0,110659
0,10413
0,087973
0,110018
0,092786
0,100226
0,102547
0,246988
0,142301
0,146681
0,120771
0,10781
0,116542
0,148794
0,120709
0,143324
0,159767
0,110658
0,113113
0,112488
0,143723
0,094524
0,101254
0,110418
0,142954
0,07643
0,111373
0,093818
0,078121
0,09972
0,075592
0,077824
0,074438
0,07424
0,077507
0,073091
0,093693
0,124302
0,078632
0,081638
0,091519
0,092251
0,08887
0,091746
0,119459
0,171601
0,246217
0,181363
0,20815
0,183025
0,154978
0,154684
0,124648
0,15994
0,158344
0,147325
0,135599
0,130443
0,320367
0,136116
0,118
0,077156
0,072869
0,071381
0,07148
0,07077
0,076004
0,070881
0,073563
0,100722
0,118571
0,085743
0,113662
0,103861
0,080208
0,074403
0,074409
0,073468
0,078842
0,125848
0,119994
0,09935
0,074599
0,076812
0,07421
0,077732
0,073325
0,124235
0,073983
0,077805
0,072988
0,078509
0,073932
0,077094
0,072704
0,073803
0,244267
0,187319
0,105817
0,104894
0,082123
0,07548
0,08171
0,076639
0,091922
0,079089
0,07378
0,074181
0,073267
0,07227
0,072278
0,184479
